1,1,1019.7319335938,370.58477783203,96.12744140625,178.88122558594,0.8607639670372
1,2,1550.5994873047,359.25009155273,121.47930908203,251.611328125,0.86110895872116
1,3,942.67749023438,342.63452148438,123.49725341797,251.09884643555,0.86102920770645
1,4,37.471282958984,343.04040527344,145.86614990234,300.25866699219,0.86110895872116
1,5,877.89208984375,349.52053833008,124.27581787109,251.26763916016,0.86110889911652
1,6,547.17761230469,314.3828125,278.38494873047,663.82836914062,0.86083203554153
1,8,-13.065124511719,401.35272216797,79.744140625,137.72415161133,0.86113232374191
1,9,948.54577636719,399.50463867188,92.427001953125,163.25723266602,0.86082983016968
1,10,1117.1691894531,586.18603515625,70.441040039062,115.77069091797,0.86110895872116
2,1,1026.9033203125,369.86520385742,60.386840820312,174.14801025391,0.96587121486664
2,2,1560.7685546875,357.89373779297,87.337768554688,242.544921875,0.96591883897781
2,3,960.61987304688,343.95892333984,91.727600097656,242.20278930664,0.96590787172318
2,4,41.127258300781,327.07238769531,122.23779296875,326.71655273438,0.67631042003632
2,5,880.06689453125,348.03747558594,92.78271484375,241.82901000977,0.96591883897781
2,6,567.13000488281,327.48138427734,265.58764648438,632.37487792969,0.96588063240051
2,8,-8.3562622070312,382.03497314453,55.114868164062,157.08013916016,0.96592205762863
2,9,890.40075683594,361.48022460938,66.281982421875,216.45040893555,0.96588033437729
2,10,1131.2115478516,568.693359375,27.960754394531,142.85287475586,0.67631036043167
2,11,31.162902832031,377.47763061523,102.36108398438,275.65887451172,0.73848736286163
2,15,844.58422851562,493.78961181641,193.2724609375,30.246032714844,0.73846280574799
3,1,1031.8876953125,378.14981079102,60.175537109375,140.68804931641,0.97774451971054
3,2,1559.1665039062,358.71939086914,95.657043457031,235.24127197266,0.97774881124496
3,3,960.28729248047,342.03686523438,102.42309570312,252.24020385742,0.97774785757065
3,5,858.35180664062,347.94488525391,97.341369628906,235.27365112305,0.97772789001465
3,6,574.28204345703,335.2760925293,269.91979980469,617.13421630859,0.97772687673569
3,7,944.45355224609,397.33624267578,32.863891601562,82.012817382812,0.60621547698975
3,8,-10.182556152344,379.24847412109,64.159057617188,155.8210144043,0.97768574953079
3,9,867.48999023438,349.48492431641,73.973693847656,240.2092590332,0.76408892869949
3,11,40.79052734375,378.48114013672,109.32177734375,264.21337890625,0.94425702095032
3,12,157.79971313477,379.72784423828,36.457580566406,64.157043457031,0.60760825872421
3,15,929.84094238281,493.40432739258,-38.269714355469,22.026062011719,0.55529177188873
4,1,998.88061523438,371.33248901367,63.32958984375,146.14862060547,0.97879838943481
4,2,1556.0881347656,355.26834106445,99.777038574219,231.447265625,0.9787712097168
4,3,964.73107910156,355.29541015625,105.45513916016,238.90866088867,0.97874516248703
4,4,16.373229980469,464.17303466797,83.416259765625,170.73861694336,0.85586541891098
4,5,845.65185546875,348.71343994141,100.63134765625,232.88360595703,0.9786924123764
4,6,573.98291015625,328.90673828125,272.845703125,625.67309570312,0.77311807870865
4,8,-14.650115966797,379.60974121094,71.486877441406,156.82437133789,0.97879326343536
4,9,865.3515625,342.05944824219,74.918090820312,253.34097290039,0.58225005865097
4,10,1610.7064208984,488.9208984375,170.25177001953,452.82946777344,0.85605853796005
4,11,39.837005615234,369.97232055664,121.08636474609,277.38092041016,0.97569197416306
4,12,166.91116333008,382.95617675781,32.258728027344,62.669830322266,0.9069664478302
4,13,521.51391601562,369.43200683594,93.228515625,141.75607299805,0.53539353609085
5,1,970.310546875,415.82666015625,46.365173339844,89.423065185547,0.97888952493668
5,2,1553.1872558594,358.43774414062,99.309692382812,229.76681518555,0.97888714075089
5,3,972.79949951172,363.50180053711,102.98815917969,232.51275634766,0.97887390851974
5,4,21.701171875,453.46752929688,85.87353515625,194.63708496094,0.96514689922333
5,5,839.95263671875,350.38150024414,99.836975097656,232.31939697266,0.97888034582138
5,6,589.8623046875,334.03311157227,270.19110107422,618.71588134766,0.95143967866898
5,8,-7.0683288574219,383.94116210938,66.134582519531,138.1848449707,0.97888499498367
5,10,1609.4351806641,484.35971069336,187.70428466797,454.29864501953,0.67165988683701
5,11,39.656585693359,361.66857910156,121.65081787109,297.1149597168,0.77139562368393
5,12,167.26416015625,386.12408447266,29.387084960938,63.610900878906,0.97165900468826
5,13,523.37921142578,373.69839477539,68.362915039062,147.18634033203,0.87803828716278
5,15,581.32342529297,379.37585449219,65.742065429688,144.83151245117,0.7786705493927
6,1,967.47204589844,428.81109619141,38.711853027344,80.550262451172,0.77374166250229
6,2,1553.9146728516,360.71655273438,98.670715332031,229.67620849609,0.97889715433121
6,3,971.04254150391,364.36059570312,101.279296875,232.00317382812,0.97882676124573
6,4,31.345031738281,451.88238525391,84.468017578125,189.15380859375,0.97766208648682
6,5,838.02264404297,350.41772460938,100.16564941406,232.37069702148,0.97889655828476
6,6,597.36547851562,330.25750732422,271.83813476562,622.74206542969,0.75366872549057
6,8,-3.4374084472656,384.39730834961,62.925842285156,131.36981201172,0.97889697551727
6,11,48.412811279297,383.41983032227,130.42633056641,325.01373291016,0.95107489824295
6,12,165.41467285156,389.54528808594,31.856323242188,61.263854980469,0.97826451063156
6,13,524.19384765625,372.75274658203,69.443420410156,154.46762084961,0.69163882732391
6,14,121.36880493164,393.12487792969,58.409973144531,104.54949951172,0.50240391492844
6,15,590.33697509766,387.0817565918,71.323608398438,122.26965332031,0.95251327753067
7,1,967.142578125,423.87542724609,38.138061523438,90.098541259766,0.59153652191162
7,2,1561.5893554688,366.11981201172,97.350524902344,214.7141418457,0.9788521528244
7,3,962.55541992188,375.68170166016,88.775451660156,182.66500854492,0.9788721203804
7,4,31.584930419922,446.92767333984,84.692687988281,203.95291137695,0.7728431224823
7,5,837.62780761719,350.88464355469,101.81854248047,231.83810424805,0.97884941101074
7,6,590.07873535156,331.66223144531,272.30926513672,618.4716796875,0.94752198457718
7,7,995.1904296875,342.75402832031,96.230773925781,245.11544799805,0.5683376789093
7,8,2.7745971679688,426.96594238281,48.944458007812,80.421600341797,0.97887200117111
7,10,784.42565917969,669.9150390625,124.79907226562,261.25360107422,0.85335785150528
7,11,57.401275634766,392.56774902344,137.91961669922,342.57858276367,0.75326770544052
7,12,161.26647949219,386.11602783203,33.27587890625,78.097015380859,0.77328449487686
7,13,523.63800048828,370.87506103516,70.252563476562,167.38903808594,0.50742536783218
7,15,596.13110351562,388.70172119141,64.102844238281,124.66479492188,0.754574239254
8,2,1566.2547607422,367.96795654297,91.940673828125,198.96340942383,0.97889411449432
8,3,955.11987304688,373.09228515625,78.494995117188,166.79467773438,0.97889584302902
8,4,27.987884521484,441.90817260742,80.651428222656,224.37078857422,0.59080374240875
8,5,836.72875976562,350.92984008789,101.50396728516,231.82641601562,0.97887027263641
8,6,587.90112304688,329.77709960938,271.794921875,622.25573730469,0.74998265504837
8,7,997.85400390625,348.73330688477,101.88763427734,232.5859375,0.89216029644012
8,8,4.7500610351562,439.32104492188,42.674926757812,83.902618408203,0.77441513538361
8,9,33.686645507812,312.01171875,195.44384765625,465.00207519531,0.55924010276794
8,10,789.13781738281,672.52258300781,122.33935546875,273.79248046875,0.96471321582794
8,11,56.027740478516,388.16592407227,136.56878662109,361.14703369141,0.57060074806213
8,12,160.25588989258,383.98651123047,29.623840332031,95.480255126953,0.59109580516815
8,15,595.1767578125,385.15179443359,56.118225097656,136.37783813477,0.57194548845291
9,2,1566.9822998047,365.90301513672,87.268371582031,194.8293762207,0.97889775037766
9,3,951.71826171875,372.49920654297,73.338195800781,165.37716674805,0.9788983464241
9,5,849.85546875,370.69464111328,86.160034179688,173.4333190918,0.97883903980255
9,6,588.84912109375,323.85482788086,272.09149169922,630.50701904297,0.56797122955322
9,7,1003.2958984375,360.01824951172,97.41650390625,216.10427856445,0.96995043754578
9,8,7.8595886230469,441.9052734375,40.921813964844,86.176788330078,0.95169067382812
9,10,798.61749267578,669.04010009766,114.49975585938,287.13830566406,0.76320904493332
9,12,120.80935668945,377.67486572266,33.874450683594,106.08633422852,0.90065848827362
9,13,622.7333984375,346.1012878418,132.49078369141,337.52581787109,0.74284720420837
9,14,452.58331298828,518.79412841797,29.506774902344,77.075561523438,0.60937571525574
9,15,593.53955078125,377.74578857422,61.921936035156,158.49935913086,0.89354276657104
10,2,1568.2543945312,364.15362548828,85.269958496094,194.06591796875,0.97889804840088
10,3,956.30224609375,371.18292236328,71.911682128906,164.82672119141,0.97882872819901
10,4,15.335845947266,389.94226074219,43.795593261719,88.789703369141,0.80340558290482
10,5,860.60052490234,372.10134887695,74.903076171875,153.74279785156,0.97889298200607
10,6,600.11181640625,330.68792724609,271.244140625,620.09106445312,0.89182823896408
10,7,1002.2606201172,355.26605224609,97.485656738281,225.74948120117,0.9780398607254
10,8,11.862976074219,448.14727783203,38.781372070312,79.524353027344,0.97641807794571
10,9,-11.673217773438,413.34783935547,46.037841796875,39.666595458984,0.78127127885818
10,10,808.41162109375,656.86889648438,117.97979736328,302.63674926758,0.9493265748024
10,12,98.07666015625,375.22534179688,37.144653320312,122.97326660156,0.71146374940872
10,13,640.42553710938,337.47232055664,142.93853759766,350.39910888672,0.56006580591202
10,15,593.22222900391,373.7360534668,64.950805664062,171.88592529297,0.70526522397995
10,16,363.81674194336,398.41375732422,101.98907470703,217.94436645508,0.86056816577911
11,2,1579.2573242188,361.90441894531,102.87756347656,198.89151000977,0.97889810800552
11,3,957.24365234375,362.29507446289,95.422241210938,177.85015869141,0.97888201475143
11,4,-3.1260986328125,381.11315917969,74.412231445312,100.23773193359,0.95698910951614
11,5,860.57849121094,363.73638916016,95.206237792969,163.1877746582,0.97889769077301
11,6,607.34143066406,309.68667602539,277.96557617188,665.71343994141,0.96987408399582
11,7,1005.4053344727,349.40841674805,120.16345214844,247.98205566406,0.97871255874634
11,8,-1.9879455566406,447.81674194336,66.204406738281,76.342346191406,0.97868311405182
11,9,-29.586273193359,395.96841430664,73.439270019531,66.245300292969,0.95286405086517
11,10,806.86694335938,622.18383789062,151.19232177734,370.31930541992,0.976189494133
11,12,65.915100097656,371.01312255859,70.307250976562,119.34228515625,0.93790751695633
11,13,608.58898925781,324.7861328125,160.54620361328,363.70849609375,0.8887574672699
11,15,575.47436523438,355.43426513672,114.14447021484,205.79415893555,0.52060347795486
11,16,351.94082641602,380.83303833008,125.26483154297,244.82177734375,0.96583557128906
12,2,1582.9427490234,348.76678466797,71.161437988281,213.33609008789,0.97889226675034
12,3,966.35095214844,363.93017578125,60.546813964844,173.94985961914,0.97889673709869
12,4,3.0318908691406,368.03579711914,43.232482910156,129.28747558594,0.75732749700546
12,5,870.49633789062,360.78799438477,58.241271972656,159.27294921875,0.9789018034935
12,6,618.15777587891,325.27600097656,264.32116699219,632.35766601562,0.97810542583466
12,7,1015.9024658203,354.81689453125,88.93896484375,241.52111816406,0.9788276553154
12,8,8.8955993652344,429.92248535156,48.278869628906,146.93978881836,0.978879570961
12,9,-16.475738525391,397.15960693359,35.708679199219,70.846160888672,0.9763959646225
12,10,817.11370849609,630.8212890625,125.98889160156,353.71441650391,0.97864556312561
12,12,65.329437255859,360.12280273438,38.085021972656,143.21890258789,0.74237096309662
12,13,587.65002441406,331.72158813477,133.10028076172,343.54559326172,0.96953237056732
12,16,359.21621704102,379.39227294922,95.848571777344,241.91256713867,0.97773420810699
13,2,1577.3894042969,335.22619628906,87.119262695312,228.89840698242,0.97889757156372
13,3,965.59228515625,368.91757202148,67.681579589844,168.77465820312,0.9788436293602
13,4,-0.38128662109375,357.94046020508,44.471313476562,155.80059814453,0.57477563619614
13,5,870.30310058594,361.30749511719,62.904418945312,154.44900512695,0.97886294126511
13,6,620.87182617188,333.83868408203,269.01806640625,616.83508300781,0.97882962226868
13,7,1016.70703125,353.70880126953,96.720764160156,235.21719360352,0.97889202833176
13,8,10.572387695312,420.56921386719,57.23681640625,183.7350769043,0.77373439073563
13,9,-11.800750732422,397.65185546875,36.162170410156,75.976440429688,0.97862100601196
13,10,823.34918212891,631.09899902344,130.85729980469,357.30676269531,0.77360707521439
13,12,61.314697265625,349.51852416992,39.767456054688,168.77490234375,0.55934488773346
13,13,573.52685546875,335.85382080078,140.11224365234,334.00842285156,0.97807484865189
13,16,359.9287109375,381.87725830078,100.28332519531,236.21548461914,0.9787974357605
14,1,895.42224121094,499.37182617188,28.053833007812,54.243927001953,0.50044989585876
14,2,1574.3547363281,329.17425537109,93.788940429688,232.1569519043,0.77374762296677
14,3,959.78039550781,367.89755249023,75.017761230469,176.57409667969,0.97889339923859
14,4,-0.13662719726562,373.78378295898,47.196472167969,132.15588378906,0.89474684000015
14,5,866.65313720703,363.3342590332,66.969116210938,152.51885986328,0.97889506816864
14,6,619.56481933594,333.80438232422,271.34735107422,615.66394042969,0.97889220714569
14,7,1018.3980102539,351.72442626953,101.29382324219,233.22897338867,0.97889757156372
14,8,5.238037109375,413.00637817383,58.502197265625,211.35662841797,0.59204936027527
14,9,-15.381774902344,398.29565429688,40.568969726562,79.297576904297,0.97887420654297
14,10,825.47943115234,620.94274902344,127.59130859375,374.63745117188,0.5913999080658
14,11,858.86999511719,742.64916992188,97.367431640625,269.92041015625,0.50333780050278
14,13,564.78100585938,330.30889892578,145.22869873047,346.47665405273,0.77314555644989
14,16,356.29769897461,383.32092285156,104.75164794922,235.76699829102,0.97887736558914
15,1,894.60650634766,500.0041809082,26.275512695312,56.993347167969,0.8613361120224
15,2,1574.2926025391,327.62878417969,91.868957519531,230.52789306641,0.59221905469894
15,3,957.43566894531,359.92541503906,79.0771484375,191.73318481445,0.97889769077301
15,4,-1.0719604492188,372.53842163086,51.804931640625,143.52709960938,0.70635735988617
15,5,866.30041503906,365.24224853516,65.782958984375,151.33489990234,0.9788978099823
15,6,620.65295410156,330.01196289062,270.61041259766,622.67700195312,0.77374362945557
15,7,1022.6040039062,351.92407226562,100.43231201172,232.01489257812,0.97888189554214
15,9,-11.609680175781,403.21453857422,36.54541015625,69.886383056641,0.97889077663422
15,11,849.27905273438,727.31506347656,107.27728271484,283.85961914062,0.86278647184372
15,13,620.77221679688,338.25085449219,150.01202392578,360.08016967773,0.95144504308701
15,15,585.34234619141,360.77243041992,84.157958984375,195.72180175781,0.54034280776978
15,16,356.70733642578,384.26040649414,103.32092285156,234.94097900391,0.97889631986618
16,1,895.96606445312,496.10467529297,21.975463867188,66.064086914062,0.67646926641464
16,3,959.62506103516,369.11907958984,75.9375,173.16516113281,0.97889804840088
16,4,-7.3514709472656,367.47174072266,49.990173339844,166.55862426758,0.52175003290176
16,5,866.97100830078,365.41851806641,64.945922851562,150.89819335938,0.97888535261154
16,6,620.65625,323.37045288086,271.15563964844,631.34881591797,0.5915384888649
16,7,1025.3507080078,350.87005615234,100.08599853516,231.86654663086,0.97889810800552
16,8,722.04357910156,391.35580444336,51.19775390625,119.48681640625,0.80405235290527
16,9,-11.841796875,402.00619506836,36.367919921875,75.12060546875,0.97889745235443
16,10,1631.1008300781,363.17794799805,40.259399414062,69.192443847656,0.8039208650589
16,11,846.17883300781,723.75207519531,111.53509521484,282.35012817383,0.96613818407059
16,13,626.81555175781,350.15872192383,152.49627685547,340.27777099609,0.97639441490173
16,16,365.93316650391,402.79931640625,90.918701171875,186.31198120117,0.97889792919159
17,3,962.02905273438,375.40881347656,74.101623535156,165.36032104492,0.9788778424263
17,5,869.31140136719,370.89309692383,61.111572265625,132.62133789062,0.97886282205582
17,7,1027.5737304688,348.78411865234,100.02453613281,234.64465332031,0.77404421567917
17,8,777.24841308594,379.04357910156,56.655151367188,119.09420776367,0.95695221424103
17,9,-12.178100585938,401.18688964844,36.504028320312,78.003814697266,0.97889804840088
17,10,1652.7475585938,346.14880371094,51.12646484375,126.63973999023,0.95707803964615
17,11,858.92517089844,731.10583496094,109.08740234375,264.58392333984,0.97776877880096
17,13,613.31945800781,354.36526489258,151.0478515625,343.24822998047,0.77190166711807
17,16,346.22406005859,403.71435546875,81.796997070312,169.7412109375,0.97889810800552
18,1,634.58972167969,376.86529541016,63.050720214844,157.33755493164,0.85614150762558
18,2,352.00799560547,374.39666748047,102.81994628906,241.54125976562,0.66710120439529
18,3,959.71148681641,361.8935546875,78.189453125,187.98666381836,0.97886741161346
18,5,869.251953125,370.36590576172,57.41650390625,126.83877563477,0.97889506816864
18,7,1028.5850830078,346.00802612305,96.947326660156,238.73193359375,0.59199458360672
18,8,787.33447265625,369.43283081055,54.416564941406,130.99761962891,0.75761044025421
18,9,-12.834136962891,400.92987060547,36.365905761719,78.167572021484,0.97890222072601
18,10,1672.4018554688,342.06854248047,60.96923828125,148.23095703125,0.97693091630936
18,11,868.99450683594,728.78631591797,102.66931152344,269.09048461914,0.7733137011528
18,12,442.53237915039,511.06201171875,25.483276367188,78.028411865234,0.51419019699097
18,13,614.56896972656,349.95770263672,148.04461669922,351.35317993164,0.58966785669327
18,16,320.4114074707,402.03125,75.134948730469,168.00592041016,0.97884434461594
19,1,634.53039550781,378.19885253906,70.809387207031,154.44934082031,0.67180466651917
19,2,359.8625793457,388.86322021484,101.37530517578,206.10934448242,0.92615658044815
19,3,960.32116699219,369.39358520508,75.571350097656,172.36492919922,0.97889548540115
19,5,862.80603027344,355.85479736328,64.855163574219,164.45587158203,0.97879612445831
19,8,787.3291015625,367.8298034668,48.44189453125,137.78253173828,0.57573360204697
19,9,-13.3330078125,397.95666503906,38.15966796875,83.481231689453,0.97889846563339
19,10,1673.0903320312,339.95428466797,66.353881835938,158.51885986328,0.97873294353485
19,11,877.00219726562,721.88256835938,93.188659667969,281.33123779297,0.59129977226257
19,12,454.89450073242,524.89422607422,25.36474609375,61.9521484375,0.86811238527298
19,13,598.53234863281,326.66833496094,162.77581787109,407.84310913086,0.90037000179291
19,16,318.08029174805,417.72869873047,60.920715332031,117.55355834961,0.97889345884323
20,1,630.68658447266,363.71206665039,73.647583007812,185.47662353516,0.92749750614166
20,2,365.69393920898,384.2802734375,100.78863525391,222.57962036133,0.97383087873459
20,3,962.32537841797,375.27728271484,73.075073242188,165.3030090332,0.97888469696045
20,4,1130.6162109375,586.05969238281,40.379760742188,113.36016845703,0.54105192422867
20,5,861.66485595703,351.37231445312,66.380737304688,178.70297241211,0.77367341518402
20,9,-13.183166503906,399.52041625977,37.321166992188,80.075134277344,0.97890222072601
20,10,1669.5457763672,343.66931152344,69.21728515625,161.63851928711,0.97888386249542
20,11,888.9873046875,723.27947998047,91.047973632812,264.67810058594,0.90113216638565
20,12,456.39804077148,520.73883056641,23.129211425781,76.286468505859,0.68276697397232
20,13,591.91833496094,318.73779296875,169.95648193359,428.33166503906,0.71170097589493
20,15,353.32571411133,496.74243164062,42.305236816406,144.75,0.51351511478424
20,16,318.10290527344,422.92742919922,47.389282226562,85.350433349609,0.97889769077301
21,1,625.20794677734,359.13323974609,99.637573242188,195.01254272461,0.97397339344025
21,2,358.21469116211,372.65612792969,124.69561767578,246.5100402832,0.97843700647354
21,3,965.37475585938,365.17846679688,96.044799804688,178.08834838867,0.97886401414871
21,4,1124.7971191406,578.58068847656,67.561889648438,124.45062255859,0.8805730342865
21,5,857.431640625,353.38891601562,89.573974609375,172.22317504883,0.95147043466568
21,9,-30.258880615234,397.23696899414,65.964294433594,76.414123535156,0.97878932952881
21,10,1670.2689208984,340.31512451172,92.23291015625,177.10678100586,0.97889286279678
21,11,872.46307373047,706.55847167969,133.806640625,289.85122680664,0.71247637271881
21,13,581.08233642578,312.32986450195,193.81030273438,435.67108154297,0.5275941491127
21,14,373.35406494141,522.93505859375,57.805297851562,84.845367431641,0.73788565397263
21,16,300.50387573242,398.72341918945,101.41741943359,133.05560302734,0.77422279119492
22,1,669.67980957031,377.18783569336,54.807189941406,136.07965087891,0.97846907377243
22,2,370.56356811523,376.10568237305,95.814147949219,241.95587158203,0.97883027791977
22,3,976.10961914062,365.26684570312,60.956359863281,174.1194152832,0.97889518737793
22,4,1135.6276855469,559.65905761719,25.560424804688,152.22015380859,0.69414305686951
22,5,869.45355224609,365.46612548828,47.500366210938,134.96728515625,0.97639685869217
22,6,1055.3571777344,417.35925292969,26.045471191406,36.902984619141,0.50428986549377
22,7,1681.9431152344,344.51086425781,68.264038085938,177.56188964844,0.56282997131348
22,9,-22.463104248047,385.45147705078,33.325622558594,102.94900512695,0.77423447370529
22,10,1677.4915771484,327.876953125,53.811706542969,192.86367797852,0.77379155158997
22,11,879.47924804688,683.36901855469,112.02130126953,324.19903564453,0.52816927433014
22,13,593.22442626953,346.20184326172,162.57373046875,362.48391723633,0.87446820735931
22,14,373.16369628906,505.03985595703,17.973022460938,110.15856933594,0.55469256639481
22,16,314.05014038086,404.08642578125,67.820983886719,103.07110595703,0.95165365934372
23,1,699.94171142578,376.05172729492,53.461303710938,113.25640869141,0.97886109352112
23,2,373.52386474609,380.42462158203,100.79028320312,236.14495849609,0.97889226675034
23,3,976.05029296875,369.56726074219,67.788940429688,168.86825561523,0.97888362407684
23,4,1141.1293945312,546.25158691406,23.975341796875,170.65124511719,0.50891441106796
23,5,872.92785644531,365.36022949219,52.586242675781,128.41134643555,0.97868126630783
23,7,1679.5823974609,340.26614379883,65.369873046875,170.64416503906,0.88988703489304
23,8,1089.7192382812,476.30499267578,27.253356933594,49.870727539062,0.55727583169937
23,9,-25.530792236328,374.88247680664,34.695617675781,130.73767089844,0.59271311759949
23,10,1662.9780273438,336.43365478516,57.588989257812,164.37115478516,0.95147502422333
23,13,594.66638183594,349.66021728516,160.38043212891,354.95715332031,0.68879556655884
23,16,313.81289672852,398.25445556641,59.708923339844,113.201171875,0.75380778312683
24,1,713.15625,379.76654052734,48.564514160156,92.037902832031,0.97889488935471
24,2,371.18838500977,382.65417480469,105.10137939453,235.5866394043,0.97885382175446
24,3,973.41003417969,368.98611450195,72.483825683594,166.71020507812,0.97885209321976
24,4,1132.6394042969,564.86920166016,27.569396972656,132.90316772461,0.8655509352684
24,5,872.43237304688,368.46008300781,54.770568847656,120.35635375977,0.97887939214706
24,7,1673.6854248047,333.26336669922,71.617370605469,173.27798461914,0.70268201828003
24,10,1639.0528564453,350.25177001953,60.620422363281,140.83612060547,0.97639733552933
24,11,1643.0551757812,467.60064697266,170.45471191406,415.51791381836,0.7585916519165
24,13,589.25714111328,341.40505981445,162.27331542969,369.60223388672,0.50372761487961
24,16,278.87069702148,377.18841552734,52.809387207031,99.125762939453,0.94751650094986
25,1,725.98944091797,381.6194152832,40.175659179688,78.606994628906,0.9788978099823
25,2,372.25625610352,383.93627929688,103.43988037109,234.80294799805,0.97887003421783
25,3,972.92858886719,367.58233642578,71.344421386719,165.47320556641,0.97886538505554
25,4,1129.9490966797,568.51489257812,32.200378417969,129.17282104492,0.68048965930939
25,5,873.60864257812,373.48373413086,52.124206542969,116.48431396484,0.97885102033615
25,6,272.09091186523,380.46197509766,106.03863525391,252.21224975586,0.6101381778717
25,7,1672.7592773438,330.60815429688,70.138671875,171.3359375,0.5184034705162
25,8,1045.9050292969,350.16162109375,112.05053710938,300.55221557617,0.78008568286896
25,9,170.58395385742,398.04760742188,22.999206542969,53.890502929688,0.80481773614883
25,10,1629.0642089844,364.30889892578,50.064453125,100.17568969727,0.97868132591248
25,11,1625.3090820312,450.37774658203,180.56109619141,420.94229125977,0.94854116439819
25,12,1298.1906738281,343.6549987793,97.70556640625,204.75750732422,0.53470468521118
25,13,594.6142578125,357.86172485352,148.85821533203,324.50067138672,0.8629093170166
25,14,1672.7722167969,340.28021240234,137.68121337891,382.93420410156,0.64074802398682
25,16,246.63903808594,356.30236816406,43.483642578125,92.211334228516,0.97594654560089
26,1,726.18298339844,377.29849243164,36.45068359375,85.851989746094,0.7738054394722
26,2,372.39755249023,384.83743286133,103.09820556641,234.33355712891,0.97889566421509
26,3,973.4013671875,366.08197021484,70.445129394531,165.12780761719,0.97889530658722
26,5,873.01159667969,371.4762878418,49.920166015625,123.23223876953,0.7741681933403
26,6,277.37442016602,389.20401000977,110.97930908203,238.29602050781,0.9077889919281
26,8,1045.0007324219,357.82354736328,121.76867675781,282.1940612793,0.95277404785156
26,9,165.15719604492,396.0993347168,28.164489746094,62.087890625,0.95723241567612
26,10,1627.0582275391,361.29919433594,44.80224609375,92.286712646484,0.77392584085464
26,11,1611.3029785156,449.87652587891,179.74597167969,426.24453735352,0.97609758377075
26,12,1290.6098632812,335.75531005859,90.630004882812,222.52850341797,0.87735795974731
26,13,597.14361572266,358.49035644531,146.6513671875,327.60900878906,0.96616631746292
26,14,1650.8577880859,328.72689819336,161.29669189453,391.97906494141,0.91795307397842
26,16,231.35485839844,346.49694824219,40.766235351562,106.61489868164,0.7715830206871
27,1,725.07208251953,374.69491577148,33.732055664062,95.413879394531,0.59167325496674
27,2,373.17443847656,385.33966064453,103.63220214844,234.3723449707,0.97884678840637
27,3,973.92797851562,371.81607055664,68.774169921875,153.96905517578,0.97889786958694
27,4,421.51641845703,522.30377197266,21.937866210938,48.755981445312,0.8586140871048
27,5,873.14636230469,368.90036010742,47.574890136719,130.61541748047,0.59269404411316
27,6,282.10208129883,387.62365722656,108.17047119141,245.2873840332,0.71755117177963
27,8,1044.0610351562,363.45364379883,121.51495361328,275.71594238281,0.7544419169426
27,9,161.42834472656,390.3115234375,28.400512695312,83.0439453125,0.75753313302994
27,10,1626.9788818359,358.6650390625,45.253967285156,90.145263671875,0.59172338247299
27,11,1616.8332519531,453.43334960938,176.35290527344,419.39489746094,0.77186393737793
27,12,1286.5992431641,332.50259399414,97.4296875,231.98663330078,0.96809011697769
27,13,599.41418457031,359.60314941406,147.20599365234,332.27352905273,0.97777134180069
27,14,1638.109375,336.54528808594,159.17803955078,370.09484863281,0.9727931022644
27,15,1846.7153320312,365.71429443359,87.722351074219,208.70413208008,0.50038528442383
27,16,227.09262084961,342.56610107422,39.665832519531,124.55502319336,0.59036469459534
28,1,714.66003417969,372.20349121094,37.617370605469,110.53567504883,0.90114599466324
28,2,372.87350463867,385.27355957031,102.97515869141,234.23712158203,0.97889369726181
28,3,972.97985839844,374.23526000977,66.583190917969,150.48864746094,0.978844165802
28,4,384.55773925781,522.04815673828,27.69970703125,52.848052978516,0.96557301282883
28,6,280.09771728516,383.09390258789,103.78552246094,261.01153564453,0.53348541259766
28,7,311.45300292969,486.10992431641,60.037963867188,136.96505737305,0.61751341819763
28,8,1047.5690917969,359.97375488281,116.12115478516,278.70419311523,0.57180935144424
28,9,157.21887207031,388.41714477539,30.391357421875,90.661926269531,0.9482097029686
28,11,1621.7664794922,451.34704589844,173.12725830078,414.52029418945,0.58985221385956
28,12,1286.5063476562,330.98937988281,97.53271484375,231.04568481445,0.97791820764542
28,13,601.5634765625,363.82037353516,141.53930664062,313.17300415039,0.97880029678345
28,14,1631.4309082031,327.26693725586,160.08209228516,384.72857666016,0.97836500406265
28,16,181.10488891602,347.79290771484,47.819763183594,145.90380859375,0.90078032016754
29,1,707.13470458984,369.33239746094,46.079345703125,122.75277709961,0.97101265192032
29,2,373.04443359375,385.07482910156,102.98205566406,234.34484863281,0.97884088754654
29,3,972.28625488281,372.75048828125,67.820983886719,160.71237182617,0.97889345884323
29,4,370.97329711914,520.66888427734,23.615173339844,59.831756591797,0.97771739959717
29,9,152.38552856445,384.48348999023,34.466125488281,106.44000244141,0.75068616867065
29,10,1602.8303222656,616.76995849609,117.80535888672,303.01879882812,0.80386412143707
29,12,1284.7215576172,332.51791381836,99.03662109375,229.03729248047,0.77331978082657
29,13,600.37786865234,360.86404418945,138.03381347656,307.48260498047,0.97884488105774
29,14,1616.6197509766,336.5686340332,159.19409179688,366.41131591797,0.97876346111298
29,15,620.07629394531,611.71264648438,64.728271484375,128.61749267578,0.73784059286118
29,16,158.20587158203,352.80297851562,53.69140625,163.22802734375,0.71156841516495
30,1,705.07366943359,365.79116821289,47.542846679688,133.37078857422,0.76827371120453
30,2,373.32543945312,385.10711669922,102.60815429688,234.27767944336,0.97889316082001
30,3,977.56396484375,372.85018920898,66.519409179688,153.50408935547,0.97889667749405
30,4,363.94366455078,522.44250488281,22.854248046875,59.506530761719,0.97879600524902
30,7,1068.3874511719,370.39605712891,66.267028808594,170.04318237305,0.82025057077408
30,8,1681.1563720703,323.90234375,119.64630126953,278.84463500977,0.79033994674683
30,9,142.89569091797,381.5266418457,37.740356445312,116.70550537109,0.94675213098526
30,10,1607.412109375,617.46813964844,118.56066894531,305.01007080078,0.62199652194977
30,11,1429.7724609375,498.53677368164,241.30358886719,577.12542724609,0.80282592773438
30,12,1287.1806640625,327.97094726562,96.356079101562,232.41845703125,0.59211999177933
30,13,600.96508789062,348.22711181641,140.11126708984,325.38119506836,0.97889351844788
30,14,1624.345703125,354.04638671875,141.79846191406,299.23989868164,0.97888648509979
30,15,623.51196289062,610.42858886719,64.332214355469,139.31646728516,0.55464565753937
30,16,155.77523803711,348.10137939453,51.724060058594,181.84024047852,0.52721738815308
30,19,249.26220703125,866.91931152344,24.780395507812,81.172119140625,0.7378317117691
31,1,714.869140625,377.86810302734,66.084838867188,95.967742919922,0.9504908323288
31,2,363.90478515625,374.58575439453,125.15795898438,250.73825073242,0.97889769077301
31,3,978.31689453125,365.2421875,87.420043945312,153.50396728516,0.97889232635498
31,4,348.33843994141,519.49615478516,52.796997070312,61.467407226562,0.9788892865181
31,7,1063.9833984375,362.12307739258,91.441650390625,179.79138183594,0.95977568626404
31,8,1693.8618164062,325.89727783203,129.15191650391,267.58493041992,0.95468294620514
31,9,120.21575927734,371.62896728516,74.469848632812,131.83627319336,0.97593635320663
31,11,1436.5395507812,472.41885375977,257.40246582031,650.86651611328,0.95683419704437
31,13,596.25555419922,338.90155029297,160.74914550781,355.05749511719,0.97889769077301
31,14,1637.2438964844,349.283203125,145.04284667969,291.67413330078,0.97880661487579
31,15,626.19281005859,614.60192871094,84.624877929688,141.34722900391,0.88626885414124
31,19,228.96389770508,835.951171875,86.508239746094,137.19223022461,0.55463647842407
32,1,731.05981445312,367.49249267578,26.621337890625,106.72274780273,0.75230205059052
32,2,373.64053344727,377.61328125,95.579650878906,242.66366577148,0.97886890172958
32,3,986.59765625,359.58776855469,49.570739746094,146.39370727539,0.97878777980804
32,4,357.22744750977,504.74755859375,14.072937011719,90.907958984375,0.77374148368835
32,5,1110.2408447266,578.38586425781,55.734375,104.82791137695,0.51882547140121
32,6,298.70709228516,449.77221679688,68.43701171875,169.9489440918,0.54406577348709
32,7,1069.7863769531,363.97570800781,56.885192871094,174.26495361328,0.97718358039856
32,8,1698.8840332031,323.29083251953,95.3232421875,261.26571655273,0.97669243812561
32,9,124.90408325195,358.90856933594,43.566955566406,159.55953979492,0.77157557010651
32,10,279.66976928711,415.98297119141,37.043273925781,60.256500244141,0.82348984479904
32,11,1436.5080566406,468.22827148438,244.91418457031,631.57299804688,0.97682404518127
32,12,1279.6680908203,324.46865844727,106.09448242188,226.435546875,0.80382806062698
32,13,604.81298828125,349.86856079102,135.7392578125,342.58331298828,0.97889804840088
32,14,1637.8581542969,346.75524902344,105.31652832031,268.41690063477,0.97889018058777
32,15,646.10412597656,612.81457519531,48.00634765625,146.57421875,0.96904742717743
33,1,727.9013671875,356.79791259766,28.027526855469,125.12466430664,0.56960618495941
33,2,380.51260375977,381.60659790039,100.65911865234,236.375,0.97889560461044
33,3,987.84222412109,358.45190429688,55.745239257812,141.17974853516,0.97879648208618
33,4,357.74450683594,492.30218505859,12.886596679688,117.49728393555,0.59188920259476
33,6,298.43438720703,412.27224731445,82.500732421875,221.49798583984,0.8819043636322
33,7,1068.7133789062,368.48992919922,66.163879394531,168.74267578125,0.97874969244003
33,8,1696.1704101562,322.96014404297,105.16351318359,257.58871459961,0.97868883609772
33,9,121.55822753906,348.83471679688,44.765502929688,184.02359008789,0.58933633565903
33,10,273.64465332031,419.25921630859,37.72314453125,65.014312744141,0.64087015390396
33,11,1432.5606689453,461.9201965332,257.35894775391,616.83758544922,0.97862672805786
33,12,1289.0690917969,325.6171875,103.60601806641,230.29928588867,0.9570620059967
33,13,605.58459472656,357.03863525391,142.40649414062,334.24096679688,0.97888487577438
33,14,1631.5167236328,344.90618896484,108.15936279297,258.5393371582,0.97889924049377
33,15,652.36157226562,613.25769042969,53.279541015625,143.2956237793,0.9779806137085
33,16,49.025360107422,343.07751464844,137.05242919922,333.06903076172,0.62333983182907
33,18,743.96240234375,351.31195068359,123.84893798828,295.2492980957,0.50888419151306
34,2,383.07818603516,383.31579589844,105.32202148438,235.72369384766,0.97885364294052
34,3,987.78240966797,363.84143066406,58.526123046875,130.82791137695,0.97888934612274
34,4,341.87915039062,492.76959228516,26.1962890625,128.37548828125,0.90117639303207
34,5,1825.9654541016,382.14105224609,75.447021484375,202.98892211914,0.7522606253624
34,6,303.49682617188,415.66915893555,82.690795898438,186.08044433594,0.96856123209
34,7,1065.4831542969,368.24066162109,71.747741699219,166.4377746582,0.9788213968277
34,8,1692.8919677734,325.81787109375,110.15460205078,253.66625976562,0.97888004779816
34,9,132.75701904297,382.04522705078,39.140869140625,114.65246582031,0.90039199590683
34,10,268.08743286133,421.78979492188,40.854919433594,77.499969482422,0.9180149435997
34,11,1428.6318359375,467.52517700195,253.33770751953,579.27471923828,0.97882872819901
34,12,1289.6663818359,322.0617980957,104.27960205078,236.23834228516,0.75768661499023
34,13,602.54388427734,359.79553222656,146.58374023438,333.19714355469,0.97889697551727
34,14,1631.8194580078,346.04183959961,110.67816162109,254.29992675781,0.97889822721481
34,15,652.29345703125,621.63861083984,56.262023925781,133.04306030273,0.97881186008453
34,16,38.240509033203,342.10406494141,150.28033447266,335.77355957031,0.91247934103012
34,18,746.79443359375,367.02685546875,129.97967529297,262.89251708984,0.86553609371185
34,19,1607.0899658203,463.21252441406,87.621887207031,250.02380371094,0.6410693526268
35,2,386.27081298828,384.35717773438,103.73840332031,234.94836425781,0.97889429330826
35,3,991.09881591797,369.89508056641,54.180786132812,119.16171264648,0.97889733314514
35,4,329.86288452148,496.48712158203,42.197937011719,129.26049804688,0.9709997177124
35,5,1822.2922363281,358.71878051758,93.485473632812,241.51977539062,0.94701772928238
35,6,300.63906860352,410.11541748047,81.243225097656,192.78335571289,0.76610159873962
35,7,1064.7307128906,367.142578125,70.958862304688,165.12252807617,0.97889149188995
35,8,1690.4990234375,329.42260742188,110.30505371094,252.2229309082,0.97889655828476
35,9,170.92135620117,373.97467041016,42.604675292969,94.972595214844,0.97091233730316
35,10,265.6360168457,434.79122924805,38.326110839844,72.943176269531,0.9729488492012
35,11,1410.0053710938,441.96771240234,255.44274902344,600.26550292969,0.97889214754105
35,12,1294.9094238281,337.18612670898,98.757385253906,217.86926269531,0.94828552007675
35,13,602.69421386719,361.89572143555,145.25103759766,332.39520263672,0.97889798879623
35,14,1634.1412353516,348.61560058594,110.63031005859,252.67953491211,0.97889858484268
35,15,652.80810546875,620.50616455078,55.155090332031,137.16299438477,0.97889065742493
35,16,53.745086669922,366.78363037109,134.63116455078,280.24417114258,0.97233253717422
35,17,1110.5563964844,589.52209472656,52.8115234375,96.158020019531,0.50033044815063
35,18,752.33435058594,347.69485473633,132.03619384766,310.71087646484,0.96652430295944
35,19,1598.3448486328,415.24597167969,107.67816162109,291.73229980469,0.91802281141281
36,2,387.59893798828,385.03732299805,103.22338867188,234.34680175781,0.97889775037766
36,3,994.37731933594,370.04901123047,51.039733886719,115.82418823242,0.97884249687195
36,4,323.51220703125,492.06665039062,50.898559570312,137.14208984375,0.9781482219696
36,5,1816.3878173828,349.48712158203,103.78485107422,251.97817993164,0.97596418857574
36,6,295.89157104492,401.99426269531,76.813537597656,212.28863525391,0.58375996351242
36,7,1065.2122802734,365.55355834961,70.071350097656,164.78875732422,0.97889316082001
36,8,1690.6813964844,321.17007446289,113.86895751953,268.82531738281,0.97889798879623
36,9,133.90118408203,358.78485107422,50.023071289062,120.70687866211,0.97816175222397
36,10,267.5080871582,429.97955322266,34.561706542969,87.891235351562,0.7693692445755
36,11,1392.7786865234,422.98266601562,259.49322509766,611.27270507812,0.97889757156372
36,12,1311.7041015625,353.64697265625,79.251831054688,149.49847412109,0.97608143091202
36,13,595.00970458984,347.48669433594,157.60021972656,379.93798828125,0.97876405715942
36,14,1637.3408203125,347.11376953125,110.08410644531,252.80673217773,0.97889137268066
36,15,654.97216796875,614.43487548828,51.003662109375,150.75247192383,0.77408516407013
36,16,66.586303710938,373.71563720703,124.73742675781,261.69073486328,0.97832423448563
36,17,1114.3933105469,578.87530517578,43.00830078125,112.92211914062,0.86127579212189
36,18,749.181640625,347.06967163086,137.08422851562,328.33117675781,0.97771632671356
36,19,1585.9952392578,424.91448974609,107.53924560547,265.33126831055,0.97294968366623
37,1,1165.0433349609,346.189453125,41.27978515625,111.49520874023,0.55463480949402
37,2,388.8591003418,385.42669677734,103.56781005859,234.31649780273,0.97889804840088
37,3,996.54345703125,363.59896850586,54.73486328125,130.38006591797,0.97889006137848
37,4,322.30935668945,486.48065185547,51.547912597656,153.43618774414,0.77378743886948
37,5,1818.0783691406,347.92205810547,103.66906738281,246.15469360352,0.77256268262863
37,6,297.87118530273,401.89736938477,80.950500488281,214.82653808594,0.89826279878616
37,7,1065.482421875,369.54577636719,71.232788085938,164.03958129883,0.97885817289352
37,8,1689.8626708984,311.03784179688,124.12445068359,292.88388061523,0.97889810800552
37,9,87.577514648438,365.53088378906,54.2333984375,135.58206176758,0.97883450984955
37,10,265.39166259766,428.26898193359,33.04150390625,104.17517089844,0.58713859319687
37,11,1372.8508300781,416.5022277832,265.00152587891,610.98345947266,0.97882300615311
37,12,1323.6400146484,345.91632080078,67.108154296875,127.70712280273,0.9786359667778
37,13,590.72979736328,347.54748535156,167.97045898438,395.87719726562,0.97888654470444
37,14,1643.1433105469,357.07989501953,107.58410644531,234.76504516602,0.97888189554214
37,15,659.96948242188,610.65771484375,43.330932617188,163.81921386719,0.59188508987427
37,16,71.280670166016,372.78485107422,120.56549072266,260.11584472656,0.97880578041077
37,17,1119.0837402344,569.36401367188,41.799926757812,128.3405456543,0.67646342515945
37,18,748.79077148438,349.76416015625,140.27093505859,333.23840332031,0.77361500263214
37,19,1586.4016113281,437.93957519531,105.09857177734,251.17907714844,0.76936984062195
38,2,388.80969238281,385.29995727539,102.8251953125,234.16815185547,0.97887676954269
38,3,1001.0791015625,365.51187133789,55.280090332031,127.75854492188,0.97889989614487
38,4,321.9592590332,482.42425537109,45.128112792969,170.0576171875,0.59174603223801
38,5,1819.6140136719,347.60821533203,100.88659667969,238.53756713867,0.59123992919922
38,6,295.86242675781,398.18359375,92.239990234375,229.30529785156,0.97068619728088
38,7,1065.5572509766,369.02868652344,71.157165527344,164.10562133789,0.97884976863861
38,8,1689.1069335938,308.77401733398,129.6611328125,300.20440673828,0.97888487577438
38,9,66.053619384766,373.0364074707,56.404724121094,130.83526611328,0.97889351844788
38,10,268.27560424805,440.66409301758,26.769348144531,80.542236328125,0.89955765008926
38,11,1353.4443359375,414.67907714844,265.44323730469,611.35437011719,0.97889161109924
38,12,1328.1109619141,341.45199584961,57.579895019531,117.67047119141,0.97883969545364
38,13,589.73522949219,350.90707397461,172.06671142578,397.28778076172,0.97883588075638
38,14,1646.5209960938,361.52795410156,104.14056396484,229.15228271484,0.97885769605637
38,16,74.108367919922,372.40032958984,118.43878173828,258.90383911133,0.97887009382248
38,18,748.30621337891,345.83541870117,138.86950683594,340.91827392578,0.59140795469284
38,19,1590.0336914062,431.14166259766,101.18420410156,252.45010375977,0.58830344676971
39,1,723.31921386719,300.4309387207,209.90270996094,548.28570556641,0.77771127223969
39,2,388.67654418945,369.74337768555,111.39361572266,267.61773681641,0.97886514663696
39,3,1031.5280761719,383.71090698242,51.656005859375,111.46990966797,0.97883599996567
39,5,1811.7622070312,335.9328918457,104.20269775391,247.87054443359,0.90083605051041
39,6,292.59585571289,383.69683837891,102.46649169922,251.2038269043,0.97813767194748
39,7,1088.1726074219,350.314453125,79.958862304688,198.96444702148,0.9788806438446
39,8,1696.9064941406,325.02978515625,121.90930175781,265.0129699707,0.97882848978043
39,9,56.321319580078,371.13433837891,57.172790527344,146.48950195312,0.77448832988739
39,10,269.88610839844,438.27966308594,31.54150390625,81.261138916016,0.97084003686905
39,11,1345.2487792969,413.93594360352,265.58117675781,610.86480712891,0.97889751195908
39,12,1331.5944824219,336.56912231445,53.105590820312,114.13208007812,0.97880727052689
39,13,588.47332763672,351.94857788086,173.56616210938,398.19769287109,0.97889274358749
39,14,1647.6643066406,362.27633666992,101.38684082031,228.65173339844,0.97889798879623
39,15,817.73303222656,375.00802612305,244.17974853516,652.88140869141,0.80417692661285
39,16,75.645538330078,371.75305175781,117.96624755859,259.32025146484,0.97889566421509
39,20,462.33941650391,378.40539550781,97.549926757812,211.51760864258,0.6076323390007
40,1,725.78424072266,322.12542724609,220.85412597656,489.46704101562,0.95232331752777
40,2,394.82620239258,385.60345458984,109.20733642578,245.4660949707,0.97889524698257
40,3,1062.6811523438,395.62875366211,46.120544433594,93.730651855469,0.97884529829025
40,4,45.878356933594,348.14483642578,103.62902832031,263.9704284668,0.80379599332809
40,5,1809.1765136719,331.88580322266,105.42468261719,244.81869506836,0.7116162776947
40,6,297.80725097656,390.78088378906,103.98974609375,240.53170776367,0.97883170843124
40,7,1108.9200439453,331.18811035156,90.722473144531,224.46606445312,0.9788966178894
40,8,1704.0502929688,322.38723754883,120.03521728516,269.55755615234,0.9788920879364
40,9,52.228240966797,366.5166015625,55.181579589844,167.70092773438,0.59349977970123
40,10,271.88418579102,436.80322265625,33.333679199219,79.342895507812,0.97819167375565
40,11,1341.2379150391,413.62719726562,266.63409423828,611.20336914062,0.97889751195908
40,12,1333.3181152344,331.92950439453,51.254150390625,113.77105712891,0.97889024019241
40,13,588.58020019531,352.61511230469,173.75634765625,398.11569213867,0.97889763116837
40,14,1652.2657470703,353.22940063477,104.78588867188,245.12408447266,0.97889810800552
40,15,824.70422363281,358.18304443359,273.41363525391,623.68859863281,0.95712214708328
40,16,76.939727783203,371.59075927734,116.22991943359,258.97689819336,0.97889786958694
40,20,471.93341064453,379.15679931641,89.927124023438,203.5837097168,0.90710043907166
41,1,739.84875488281,306.48663330078,226.45758056641,514.53430175781,0.9764775633812
41,2,385.82275390625,367.09970092773,132.63311767578,271.58697509766,0.97885996103287
41,3,1057.3315429688,381.91641235352,80.113342285156,141.6826171875,0.97889351844788
41,4,30.376281738281,338.78125,131.24755859375,277.96463012695,0.95705652236938
41,5,1794.0747070312,323.78869628906,141.09045410156,252.81616210938,0.52726763486862
41,6,290.94287109375,384.99206542969,126.23742675781,253.05197143555,0.97882229089737
41,7,1093.9750976562,318.3962097168,131.53314208984,244.74310302734,0.77374684810638
41,8,1717.7150878906,318.76092529297,134.06158447266,280.96871948242,0.97889757156372
41,10,259.13949584961,432.08502197266,62.585510253906,80.946807861328,0.97883707284927
41,11,1334.2464599609,405.44540405273,271.400390625,662.36578369141,0.97883903980255
41,12,1315.1625976562,315.35525512695,100.93597412109,142.10595703125,0.77443343400955
41,13,594.35632324219,337.58657836914,189.74310302734,429.32110595703,0.97889804840088
41,14,1664.240234375,341.92144775391,126.087890625,272.29135131836,0.97878217697144
41,15,822.86181640625,361.22686767578,269.77862548828,608.36267089844,0.7575563788414
41,16,64.002685546875,359.41119384766,138.18090820312,276.16467285156,0.97889810800552
41,17,1351.5085449219,325.84558105469,77.652404785156,132.90808105469,0.60310035943985
41,18,210.45806884766,323.20379638672,69.94580078125,95.070648193359,0.66688501834869
41,19,1587.521484375,419.35977172852,116.07214355469,256.66192626953,0.66444391012192
41,20,463.79989624023,364.43914794922,115.00616455078,225.71322631836,0.97172057628632
42,1,756.75091552734,314.84866333008,203.43151855469,485.73370361328,0.97869372367859
42,2,393.97833251953,371.34310913086,104.78381347656,265.76593017578,0.97886967658997
42,3,1066.8387451172,378.24139404297,48.317199707031,156.0094909668,0.97878974676132
42,4,40.922576904297,345.77926635742,106.85272216797,266.36614990234,0.97692888975143
42,6,305.0676574707,391.77032470703,96.927429199219,243.12438964844,0.9788915514946
42,7,1095.2556152344,304.11569213867,113.49743652344,263.01147460938,0.59154182672501
42,8,1728.8697509766,326.8981628418,95.077880859375,249.60113525391,0.97880327701569
42,10,267.88220214844,418.1325378418,26.890991210938,107.548828125,0.77377468347549
42,11,1318.7971191406,432.15789794922,254.0419921875,631.47766113281,0.97889304161072
42,12,1314.4743652344,299.11199951172,82.603210449219,162.72302246094,0.5922384262085
42,13,607.51782226562,367.31188964844,154.64117431641,363.06896972656,0.97889810800552
42,14,1666.7360839844,333.36770629883,98.552734375,281.80328369141,0.9788880944252
42,15,824.16473388672,352.60632324219,256.30200195312,615.78186035156,0.57564115524292
42,16,74.958068847656,363.80517578125,111.01892089844,266.4436340332,0.97878766059875
42,17,1354.4505615234,318.22351074219,40.367370605469,133.1770324707,0.90539395809174
42,18,219.47344970703,326.48245239258,35.845947265625,95.135070800781,0.92599385976791
42,20,473.47808837891,363.19769287109,85.033935546875,222.1201171875,0.97826999425888
43,1,758.76098632812,313.70388793945,206.33935546875,483.49383544922,0.77359849214554
43,2,393.96405029297,388.20440673828,105.82397460938,242.37619018555,0.97889566421509
43,3,1073.2481689453,375.71441650391,58.953674316406,153.94241333008,0.97876232862473
43,4,38.890197753906,341.91015625,112.29467773438,279.43423461914,0.77230525016785
43,5,-6.9063415527344,448.56295776367,67.158264160156,113.55920410156,0.75836354494095
43,6,308.63366699219,396.65103149414,101.55529785156,236.51263427734,0.97885954380035
43,8,1715.8262939453,315.26477050781,108.08129882812,268.79565429688,0.97888994216919
43,10,269.6428527832,425.50408935547,29.141784667969,93.008270263672,0.95156693458557
43,11,1309.6525878906,445.81442260742,261.81286621094,615.43023681641,0.97889769077301
43,13,607.5341796875,381.09963989258,150.470703125,336.63702392578,0.97885066270828
43,14,1660.9719238281,332.73095703125,111.99945068359,280.06213378906,0.9788972735405
43,16,77.731475830078,368.05911254883,114.39715576172,259.75909423828,0.97888880968094
43,17,1350.572265625,310.16711425781,48.06689453125,139.62173461914,0.71616172790527
43,18,219.98092651367,331.1252746582,40.973571777344,92.700744628906,0.97380971908569
43,20,474.35632324219,365.33648681641,90.913818359375,216.68832397461,0.97882604598999
44,1,746.00817871094,323.98550415039,198.48577880859,444.68963623047,0.95153284072876
44,2,390.92584228516,387.02593994141,111.54284667969,252.97348022461,0.97888153791428
44,3,1077.3581542969,381.82797241211,58.529418945312,126.83465576172,0.9788863658905
44,4,31.972229003906,333.65316772461,114.69909667969,304.31842041016,0.59165114164352
44,5,0.6583251953125,448.587890625,68.479125976562,125.00802612305,0.94850146770477
44,6,306.89807128906,398.95950317383,105.67590332031,235.85308837891,0.97885584831238
44,8,1706.7297363281,315.1213684082,115.99560546875,275.22589111328,0.9788761138916
44,9,1563.3660888672,381.81890869141,79.291320800781,191.30532836914,0.56341820955276
44,10,268.01376342773,431.56384277344,37.767883300781,85.880035400391,0.97640615701675
44,11,1302.1325683594,449.69900512695,265.00903320312,612.63641357422,0.97889804840088
44,12,1819.2534179688,366.1360168457,77.167541503906,170.81365966797,0.80437541007996
44,13,611.7666015625,383.06414794922,149.46862792969,333.97030639648,0.97886615991592
44,14,1662.0893554688,336.03277587891,118.58209228516,276.8171081543,0.97889125347137
44,16,75.4443359375,369.55639648438,118.35107421875,259.82983398438,0.9788972735405
44,17,1290.3024902344,321.22561645508,42.71826171875,101.79852294922,0.93910443782806
44,18,211.48400878906,325.92578125,47.4248046875,112.43087768555,0.77000600099564
44,20,468.03704833984,359.27648925781,96.107666015625,231.84841918945,0.7738795876503
45,1,768.44854736328,321.80090332031,199.76770019531,460.81958007812,0.97640287876129
45,2,392.17077636719,385.59283447266,111.75750732422,257.27713012695,0.9788703918457
45,3,1082.7348632812,373.50054931641,54.898376464844,124.6950378418,0.97886174917221
45,5,5.2289428710938,456.70138549805,67.203247070312,144.07061767578,0.97610920667648
45,6,308.24560546875,400.13006591797,103.8359375,235.15341186523,0.97888475656509
45,7,752.83862304688,326.7587890625,166.05401611328,411.30392456055,0.66521018743515
45,8,1713.5812988281,327.32507324219,114.60229492188,257.78631591797,0.97889620065689
45,9,1568.2280273438,399.29278564453,71.708129882812,153.34951782227,0.89005136489868
45,10,265.26708984375,426.7024230957,37.36083984375,102.57562255859,0.77204763889313
45,11,1297.6254882812,454.02496337891,264.96374511719,611.52160644531,0.97889810800552
45,12,1818.0029296875,367.11740112305,69.439636230469,168.14166259766,0.62221038341522
45,13,620.84045410156,377.06423950195,146.64654541016,332.49468994141,0.97882068157196
45,14,1666.8760986328,346.2809753418,115.24639892578,258.81402587891,0.97889751195908
45,16,76.930267333984,370.04791259766,116.45623779297,259.36633300781,0.97879511117935
45,17,1259.359375,327.59817504883,38.920532226562,95.032775878906,0.74380594491959
45,18,206.37130737305,320.22937011719,45.736755371094,132.67562866211,0.589026927948
45,20,471.87194824219,397.62225341797,81.031982421875,175.69412231445,0.95157074928284
46,1,783.27893066406,313.56433105469,202.57501220703,473.08248901367,0.77191871404648
46,2,397.29122924805,395.88195800781,108.39703369141,240.45523071289,0.97889572381973
46,3,1090.1364746094,370.54187011719,51.345581054688,118.42922973633,0.978888630867
46,5,8.4184875488281,457.2900390625,73.016662597656,164.27099609375,0.97861838340759
46,6,308.42364501953,401.05792236328,103.36987304688,234.69198608398,0.97882032394409
46,7,751.10107421875,322.84045410156,177.01800537109,425.60067749023,0.92562395334244
46,8,1720.6457519531,321.46374511719,116.68157958984,269.83032226562,0.97887074947357
46,9,1570.7673339844,451.63223266602,53.003295898438,91.089050292969,0.96969199180603
46,10,262.72375488281,422.46942138672,33.256103515625,120.97994995117,0.58981615304947
46,11,1296.205078125,453.67218017578,266.24438476562,612.36999511719,0.97880631685257
46,13,622.646484375,377.22720336914,146.70538330078,332.83868408203,0.97877311706543
46,14,1671.3072509766,347.15640258789,111.97296142578,253.40649414062,0.97889804840088
46,16,76.646759033203,371.16333007812,116.33123779297,258.81088256836,0.97888922691345
46,17,1259.0251464844,320.8173828125,38.729431152344,100.34741210938,0.5610443353653
46,20,473.12460327148,407.39733886719,76.631286621094,171.62945556641,0.75314217805862
47,1,784.79229736328,310.58477783203,202.41381835938,478.80990600586,0.59003353118896
47,2,402.09262084961,400.12884521484,106.41119384766,235.20388793945,0.97888565063477
47,3,1110.0113525391,357.23718261719,57.838073730469,140.44607543945,0.97889059782028
47,4,647.42492675781,626.931640625,52.73583984375,143.71783447266,0.66692459583282
47,5,18.655944824219,464.69906616211,69.619018554688,139.89556884766,0.97886699438095
47,6,307.91436767578,392.54846191406,108.01159667969,251.59091186523,0.97889137268066
47,7,752.40344238281,339.34533691406,179.205078125,404.70947265625,0.97376507520676
47,8,1725.1989746094,319.37872314453,120.52618408203,273.40481567383,0.97882008552551
47,9,1575.0275878906,461.32427978516,44.258911132812,81.733703613281,0.76739096641541
47,11,1282.4494628906,452.79364013672,268.86944580078,611.81958007812,0.97889018058777
47,13,626.01977539062,373.87167358398,147.00701904297,332.46002197266,0.97885823249817
47,14,1672.2609863281,340.23974609375,116.86975097656,268.07250976562,0.97889810800552
47,16,77.130310058594,371.61749267578,116.61755371094,259.12173461914,0.97889733314514
47,19,1584.8583984375,378.69577026367,75.320190429688,229.60180664062,0.50847709178925
47,20,470.46658325195,402.24978637695,75.365478515625,186.88830566406,0.5704670548439
48,2,374.84014892578,389.26983642578,107.52001953125,250.71273803711,0.97882229089737
48,3,1122.6864013672,341.06298828125,65.414123535156,159.76364135742,0.97886633872986
48,4,653.84582519531,628.24011230469,51.196838378906,133.87481689453,0.92611944675446
48,5,15.773895263672,466.93249511719,69.454650878906,148.01745605469,0.97889542579651
48,6,301.11791992188,382.03521728516,110.30505371094,257.0168762207,0.97889751195908
48,7,751.78631591797,347.45156860352,176.68603515625,398.23577880859,0.97844046354294
48,8,1732.6528320312,327.16882324219,117.53308105469,257.31689453125,0.97889137268066
48,9,1578.6809082031,457.84844970703,42.908813476562,80.568634033203,0.5851114988327
48,11,1269.4467773438,439.42779541016,266.95031738281,611.50744628906,0.97889745235443
48,13,626.74304199219,368.10739135742,145.49615478516,332.18695068359,0.97889465093613
48,14,1671.8236083984,338.1640625,119.48980712891,273.48645019531,0.9788658618927
48,16,76.892761230469,371.59887695312,115.75390625,258.85415649414,0.97889804840088
48,18,206.82928466797,337.14422607422,37.871215820312,113.80126953125,0.66522842645645
48,19,1563.9736328125,365.23352050781,83.946105957031,212.66052246094,0.86504411697388
48,20,447.36706542969,386.94311523438,83.431762695312,220.5573425293,0.89302277565002
49,2,359.05606079102,384.15441894531,106.77874755859,266.11148071289,0.77418297529221
49,3,1127.7165527344,338.87622070312,68.355346679688,163.70483398438,0.97889536619186
49,4,655.21618652344,622.75775146484,48.489929199219,146.06185913086,0.73283106088638
49,5,13.294860839844,469.26184082031,66.32861328125,154.83822631836,0.97880876064301
49,6,300.19442749023,381.95697021484,111.89813232422,257.81671142578,0.97889804840088
49,7,750.93371582031,350.05426025391,174.86694335938,397.40548706055,0.97885859012604
49,8,1739.3956298828,334.28082275391,109.60888671875,235.32800292969,0.97889751195908
49,11,1262.3115234375,425.39627075195,266.26080322266,611.70098876953,0.97884774208069
49,12,1808.4348144531,334.57397460938,82.116271972656,207.88241577148,0.57559847831726
49,13,626.73895263672,365.37106323242,144.97021484375,332.01434326172,0.9788978099823
49,14,1679.5711669922,345.82629394531,115.65063476562,257.66445922852,0.97889530658722
49,16,77.156402587891,371.3288269043,116.03631591797,258.96563720703,0.97889810800552
49,19,1546.4635009766,355.51507568359,86.265686035156,211.00875854492,0.96634048223495
49,20,425.03387451172,383.02813720703,93.142395019531,231.94131469727,0.96999549865723
