1,1,336.09783935547,149.02822875977,77.391845703125,155.45803833008,0.86110895872116
1,2,799.99267578125,164.49253845215,48.925354003906,82.503974914551,0.86106872558594
1,3,305.12670898438,159.25527954102,48.110107421875,74.831985473633,0.86110895872116
1,4,271.11630249023,156.93635559082,47.098266601562,70.657508850098,0.86075299978256
1,6,255.97418212891,149.16796875,45.355346679688,68.306739807129,0.86110895872116
1,8,744.93792724609,158.93344116211,59.839233398438,115.30780029297,0.86112117767334
2,1,329.89511108398,150.06742858887,51.046447753906,155.46200561523,0.9658088684082
2,2,807.29699707031,163.73236083984,22.991394042969,90.529922485352,0.96576142311096
2,3,304.85772705078,158.3741607666,22.376708984375,77.965980529785,0.96591883897781
2,4,278.60040283203,158.26264953613,21.019287109375,71.577857971191,0.96586972475052
2,5,443.78915405273,158.71244812012,48.878051757812,87.986030578613,0.7380188703537
2,6,236.25250244141,150.14755249023,17.327697753906,66.774490356445,0.96591883897781
2,8,753.38159179688,151.23284912109,36.496948242188,129.27426147461,0.96592050790787
3,1,326.08163452148,149.57604980469,54.783386230469,157.5206451416,0.76465117931366
3,2,805.939453125,160.44680786133,34.787841796875,104.46876525879,0.97769451141357
3,3,301.33538818359,156.36770629883,24.820556640625,83.542045593262,0.7641726732254
3,4,279.69604492188,158.18727111816,25.937866210938,70.711387634277,0.97774732112885
3,5,450.92407226562,159.60418701172,42.857543945312,90.124649047852,0.94394707679749
3,6,224.19561767578,151.35202026367,22.163452148438,64.79704284668,0.97771215438843
3,7,340.30868530273,227.12356567383,36.739562988281,83.6650390625,0.60580009222031
3,8,756.09497070312,147.72964477539,41.724487304688,133.0124206543,0.764140188694
4,1,298.99407958984,153.71398925781,59.559448242188,164.04008483887,0.94951468706131
4,2,806.41644287109,158.31756591797,38.076416015625,109.40171051025,0.77363014221191
4,3,305.91900634766,158.0345916748,26.366333007812,79.546028137207,0.94967377185822
4,4,276.67114257812,155.51568603516,28.971313476562,76.545799255371,0.77290564775467
4,5,455.05429077148,162.09078979492,40.677551269531,91.119705200195,0.97554308176041
4,6,217.00588989258,149.24795532227,25.895690917969,71.356704711914,0.77314448356628
4,8,756.23315429688,145.15690612793,39.879333496094,136.11434936523,0.58200854063034
5,1,290.33688354492,156.49502563477,58.840515136719,168.86517333984,0.75160264968872
5,2,813.42797851562,167.38388061523,31.369689941406,90.555130004883,0.95147687196732
5,3,313.5315246582,163.71548461914,26.320007324219,68.333526611328,0.97622323036194
5,4,275.64236450195,156.0613861084,27.096862792969,77.389213562012,0.95127707719803
5,5,464.71844482422,165.80551147461,34.684936523438,80.575485229492,0.97860676050186
5,6,216.00537109375,146.90405273438,22.398010253906,78.234519958496,0.59093028306961
5,7,817.33752441406,163.51083374023,25.621765136719,71.352996826172,0.81341469287872
6,1,293.07427978516,153.60650634766,54.830078125,174.29220581055,0.56960934400558
6,2,818.17639160156,168.07368469238,29.385192871094,87.253021240234,0.75306916236877
6,3,317.03469848633,163.57620239258,27.422485351562,69.195877075195,0.97866612672806
6,4,280.05999755859,160.1768951416,27.3798828125,72.015159606934,0.97635841369629
6,5,469.1584777832,154.25476074219,39.752258300781,100.71873474121,0.97885721921921
6,6,237.61828613281,153.3210144043,22.159240722656,72.967834472656,0.90099328756332
6,7,816.28143310547,160.51928710938,25.038696289062,75.383163452148,0.95864021778107
6,8,200.91543579102,170.73617553711,73.46044921875,185.49011230469,0.79759687185287
7,2,821.19885253906,166.30926513672,25.266906738281,88.895477294922,0.57035756111145
7,3,319.53890991211,162.85220336914,27.765686035156,70.104888916016,0.97887808084488
7,4,281.56253051758,158.88513183594,29.855041503906,75.390106201172,0.9786502122879
7,5,471.95330810547,149.89242553711,38.056091308594,108.80223846436,0.77414190769196
7,6,249.16247558594,153.77215576172,24.751647949219,75.302093505859,0.71175140142441
7,7,824.01287841797,160.39532470703,24.364624023438,76.616622924805,0.75859320163727
7,8,177.78518676758,157.59550476074,88.067749023438,208.46432495117,0.95596641302109
7,10,770.76232910156,166.4818572998,116.79721069336,105.27704620361,0.50051909685135
8,3,322.14343261719,162.8391418457,27.495239257812,69.973320007324,0.97884011268616
8,4,280.25628662109,157.79888916016,30.081298828125,76.836631774902,0.97887670993805
8,5,477.72317504883,156.30522155762,35.040771484375,101.72747039795,0.9516419172287
8,6,262.28576660156,153.84317016602,24.955200195312,77.30143737793,0.93803489208221
8,7,826.25445556641,159.6031036377,19.100219726562,77.649314880371,0.57700443267822
8,8,154.85272216797,166.06576538086,79.52490234375,190.58917236328,0.97682601213455
8,10,818.15563964844,164.5334777832,19.172180175781,110.28776550293,0.86111515760422
9,1,205.27224731445,152.34999084473,27.895690917969,69.173332214355,0.65160858631134
9,2,829.94067382812,158.82455444336,29.12841796875,110.1805267334,0.78909873962402
9,3,323.26470947266,157.82278442383,29.11474609375,75.07347869873,0.97883665561676
9,4,282.01580810547,157.72134399414,30.4521484375,76.923858642578,0.9788858294487
9,5,485.77703857422,161.0238494873,36.069458007812,93.557334899902,0.97641336917877
9,6,271.95553588867,156.07153320312,27.426635742188,72.055824279785,0.97506737709045
9,8,148.99835205078,168.50636291504,76.229797363281,189.50625610352,0.7729919552803
9,10,811.55151367188,158.69482421875,43.045104980469,116.89759063721,0.96591973304749
10,1,229.32089233398,154.82733154297,31.359252929688,70.166023254395,0.92158287763596
10,2,836.76220703125,156.98663330078,31.629211425781,115.20084381104,0.60702222585678
10,3,320.990234375,152.14505004883,30.776489257812,81.889495849609,0.97881811857224
10,4,283.64547729492,157.60876464844,30.45556640625,77.030906677246,0.97886520624161
10,5,491.6650390625,153.92980957031,40.204833984375,104.54455566406,0.97867304086685
10,6,279.97784423828,154.75897216797,29.662414550781,75.568061828613,0.97856575250626
10,8,150.32446289062,164.30740356445,71.689758300781,196.92224121094,0.59077554941177
10,10,821.79382324219,163.57566833496,55.776184082031,118.26587677002,0.97774893045425
11,1,214.71081542969,155.24826049805,47.551879882812,70.625930786133,0.97333890199661
11,3,307.05303955078,146.54263305664,66.977478027344,91.993087768555,0.77368944883347
11,4,278.50909423828,154.48301696777,49.230529785156,82.352088928223,0.97889524698257
11,5,492.79049682617,151.83003234863,57.085266113281,108.56130981445,0.97887867689133
11,6,266.18423461914,148.72894287109,66.0859375,86.675483703613,0.77350491285324
11,10,836.18975830078,159.21203613281,68.3076171875,127.8077545166,0.97875303030014
12,1,227.91851806641,157.23475646973,20.351806640625,67.472473144531,0.97832602262497
12,3,316.72082519531,154.52865600586,43.551940917969,77.631423950195,0.95155048370361
12,4,287.19653320312,155.09417724609,22.966491699219,80.123390197754,0.97883558273315
12,5,506.59265136719,155.72319030762,29.646484375,103.33129119873,0.97889643907547
12,6,272.61825561523,151.29753112793,43.650634765625,76.273384094238,0.95151472091675
12,10,856.40893554688,159.34074401855,38.449279785156,123.2633972168,0.97884964942932
13,1,225.26907348633,158.50772094727,24.813110351562,65.157272338867,0.978848695755
13,3,314.91662597656,156.24800109863,37.798522949219,76.288948059082,0.97633290290833
13,4,288.49682617188,156.22210693359,28.564453125,77.794380187988,0.97889268398285
13,5,513.02709960938,162.20933532715,34.995056152344,94.274147033691,0.97889798879623
13,6,274.6565246582,156.97427368164,34.88330078125,67.181274414062,0.97640115022659
13,10,861.74127197266,162.69805908203,44.686889648438,119.60398864746,0.97889393568039
14,1,215.87924194336,157.99209594727,29.127075195312,69.030807495117,0.97875016927719
14,3,315.9775390625,156.65003967285,35.362854003906,77.176765441895,0.97866064310074
14,4,287.82565307617,156.88513183594,32.610656738281,77.47078704834,0.97889763116837
14,5,515.27221679688,158.01710510254,42.563659667969,104.8088684082,0.97889119386673
14,6,274.52597045898,160.24812316895,31.488159179688,64.979118347168,0.97868168354034
14,10,868.51940917969,166.11427307129,48.063659667969,118.43728637695,0.97887706756592
15,1,213.72708129883,160.19857788086,27.077087402344,66.006004333496,0.97888535261154
15,2,333.658203125,158.7039642334,32.651794433594,78.713996887207,0.52076935768127
15,3,319.44866943359,155.31805419922,32.189270019531,81.096794128418,0.77356320619583
15,4,290.96862792969,157.36346435547,31.455688476562,77.212959289551,0.97889804840088
15,5,523.08917236328,159.04989624023,38.400390625,95.684074401855,0.97879606485367
15,6,277.44027709961,161.55770874023,28.135131835938,64.4765625,0.978819668293
15,10,875.17602539062,167.98992919922,47.181945800781,117.86738586426,0.97889626026154
16,1,212.3337097168,161.96142578125,26.088012695312,64.562149047852,0.97889697551727
16,2,336.84735107422,162.62669372559,28.798583984375,71.752586364746,0.87127083539963
16,3,318.79241943359,153.63038635254,28.632690429688,86.276000976562,0.59135538339615
16,4,290.86166381836,155.11962890625,32.391906738281,82.170150756836,0.97879910469055
16,5,528.03564453125,158.80947875977,38.547729492188,97.256332397461,0.9788892865181
16,6,277.94705200195,162.1982421875,26.998474121094,64.30744934082,0.9788561463356
16,10,880.00329589844,166.78524780273,43.814514160156,118.59352111816,0.77374660968781
17,1,211.85604858398,160.8288269043,24.802307128906,69.305770874023,0.77405214309692
17,2,338.81103515625,162.83267211914,29.647827148438,70.340049743652,0.96729296445847
17,3,317.24426269531,158.34240722656,26.670166015625,79.738815307617,0.90115302801132
17,4,292.24993896484,154.57974243164,33.231323242188,83.94807434082,0.97885471582413
17,5,530.38037109375,158.02415466309,36.345092773438,100.87967681885,0.77375078201294
17,6,278.1728515625,161.20919799805,25.533264160156,68.385276794434,0.77371728420258
17,10,884.97412109375,165.37211608887,39.641296386719,118.89318847656,0.59154152870178
18,1,211.73648071289,159.69691467285,23.783935546875,70.281684875488,0.95159953832626
18,2,340.07360839844,162.19149780273,28.654357910156,70.051803588867,0.97787338495255
18,3,315.86474609375,158.94192504883,26.117309570312,81.465927124023,0.71253573894501
18,4,293.65982055664,154.5562286377,33.39111328125,84.016792297363,0.97889602184296
18,5,537.89599609375,156.02923583984,36.935913085938,106.86897277832,0.95143896341324
18,6,267.42007446289,162.02967834473,22.474426269531,65.614158630371,0.95155996084213
19,1,211.86193847656,158.65866088867,26.5283203125,70.269546508789,0.9763195514679
19,2,339.53927612305,164.32859802246,28.316223144531,69.795036315918,0.9787974357605
19,3,322.83032226562,158.79174804688,23.550598144531,73.761283874512,0.93823438882828
19,4,294.30004882812,154.44641113281,33.67578125,84.16682434082,0.97885632514954
19,5,543.43902587891,153.13414001465,42.93603515625,115.54193115234,0.97639387845993
19,6,267.59637451172,162.9880065918,23.759216308594,64.428619384766,0.97640550136566
19,10,900.38171386719,163.42666625977,38.604248046875,126.37693023682,0.80381923913956
20,1,211.52526855469,158.15954589844,27.375610351562,70.370590209961,0.97867453098297
20,2,342.02243041992,166.1404876709,27.305725097656,69.925590515137,0.97888940572739
20,3,313.07711791992,156.02716064453,27.335388183594,75.369110107422,0.97508764266968
20,4,298.74417114258,154.60961914062,33.500793457031,84.157562255859,0.97889447212219
20,5,549.63507080078,152.9945526123,45.509521484375,118.11782836914,0.97859501838684
20,6,262.27825927734,162.27767944336,24.576538085938,64.359039306641,0.97862595319748
20,7,272.82733154297,157.20297241211,20.846923828125,82.214401245117,0.60737520456314
20,10,909.96325683594,162.71395874023,40.424011230469,127.88121032715,0.62166148424149
21,1,202.96499633789,154.97772216797,46.750305175781,74.963768005371,0.97880810499191
21,2,337.4118347168,165.89056396484,44.661682128906,70.740547180176,0.9788658618927
21,3,299.00839233398,150.06567382812,64.305908203125,86.253898620605,0.77095031738281
21,4,294.32135009766,151.21647644043,52.066162109375,90.083618164062,0.9788978099823
21,5,555.25512695312,156.38056945801,57.170776367188,107.7091293335,0.97887194156647
21,6,259.69720458984,158.91482543945,45.35986328125,72.853088378906,0.97887462377548
21,10,921.64819335938,165.63270568848,58.72705078125,131.35882568359,0.91196531057358
22,1,211.46127319336,155.48204040527,20.973571777344,73.114349365234,0.9788903594017
22,2,334.46755981445,161.98374938965,20.052978515625,76.611640930176,0.97889530658722
22,3,302.59613037109,152.5158996582,43.655334472656,81.075134277344,0.95101726055145
22,4,303.59545898438,146.21282958984,24.278747558594,98.949783325195,0.77378243207932
22,5,566.28356933594,152.12426757812,33.613403320312,116.27311706543,0.97889584302902
22,6,274.92810058594,162.04711914062,18.895812988281,68.703643798828,0.9788960814476
22,10,940.99731445312,163.09967041016,33.794189453125,131.83325195312,0.9722146987915
23,1,213.83996582031,156.52047729492,26.368469238281,70.991600036621,0.97886270284653
23,2,322.99868774414,161.0100402832,26.016174316406,77.346603393555,0.97887051105499
23,3,295.82275390625,157.83627319336,35.82666015625,72.863037109375,0.97629034519196
23,4,321.25701904297,148.60726928711,28.008422851562,94.313354492188,0.95156848430634
23,5,570.91357421875,160.28507995605,38.168884277344,104.87302398682,0.97887229919434
23,6,268.96603393555,164.07194519043,23.92529296875,65.280548095703,0.97889792919159
23,10,935.81164550781,148.4854888916,53.771484375,156.27758789062,0.97828382253647
24,1,211.79998779297,157.09591674805,30.409484863281,70.762794494629,0.97887718677521
24,2,316.01089477539,159.70997619629,32.234130859375,82.270538330078,0.97889572381973
24,3,288.37072753906,157.57958984375,34.287658691406,75.503555297852,0.97864317893982
24,4,318.72930908203,151.88017272949,34.801147460938,86.695594787598,0.97640633583069
24,5,577.91430664062,162.47937011719,44.170471191406,106.97566223145,0.97882831096649
24,6,259.59432983398,165.36009216309,27.080871582031,64.864418029785,0.9788544178009
24,8,8.8080444335938,176.67721557617,49.751098632812,149.66514587402,0.60627204179764
24,10,932.71691894531,144.93035888672,62.062561035156,163.87431335449,0.97884505987167
25,1,213.2385559082,157.49995422363,29.130187988281,70.509422302246,0.97889631986618
25,2,313.71954345703,159.66732788086,32.519104003906,84.020431518555,0.97885769605637
25,3,287.53692626953,160.05731201172,30.205505371094,71.795028686523,0.9788761138916
25,4,328.31643676758,162.92622375488,31.337951660156,74.764289855957,0.97868210077286
25,5,588.3759765625,165.90251159668,37.8291015625,90.826011657715,0.9788920879364
25,6,266.16229248047,162.17672729492,27.072692871094,68.69889831543,0.9788943529129
25,10,943.61993408203,151.22903442383,61.010864257812,154.30827331543,0.97889351844788
26,1,214.75012207031,157.74298095703,28.472961425781,70.291885375977,0.97889792919159
26,2,315.01266479492,160.13096618652,32.578979492188,84.045776367188,0.97889465093613
26,3,287.14916992188,163.60192871094,29.154174804688,70.178901672363,0.9788356423378
26,4,346.72274780273,164.17883300781,31.473449707031,75.573883056641,0.97881460189819
26,5,592.99755859375,155.61209106445,42.351379394531,109.57814788818,0.978855073452
26,6,270.66717529297,162.20655822754,26.124328613281,65.960021972656,0.97885006666183
26,8,281.72436523438,153.6083984375,30.859008789062,74.981918334961,0.81392478942871
26,10,951.0029296875,150.73635864258,58.166198730469,152.54309082031,0.77374458312988
27,1,215.84094238281,157.87693786621,28.601684570312,70.343040466309,0.97888958454132
27,2,316.73556518555,160.35357666016,33.41162109375,84.124946594238,0.9788978099823
27,3,289.87475585938,164.09188842773,29.188720703125,70.195487976074,0.97889274358749
27,4,355.14215087891,161.10833740234,33.503784179688,82.20336151123,0.97888523340225
27,5,595.34106445312,152.02835083008,40.368957519531,117.13633728027,0.77381664514542
27,6,270.73974609375,160.11386108398,27.320129394531,68.829612731934,0.97888714075089
27,8,287.86822509766,152.80458068848,33.091552734375,80.223335266113,0.63158309459686
27,10,955.44750976562,148.93952941895,54.163757324219,152.4182434082,0.59171617031097
28,1,230.34588623047,160.26623535156,28.6689453125,70.38501739502,0.97889739274979
28,2,313.0947265625,160.19770812988,33.252197265625,84.029541015625,0.97889804840088
28,3,292.13940429688,167.11323547363,27.0390625,65.894195556641,0.97889763116837
28,4,345.75192260742,159.83113098145,33.109436035156,83.575981140137,0.97887682914734
28,5,599.87084960938,151.17987060547,34.710083007812,118.81414794922,0.59195667505264
28,6,271.04034423828,158.5241394043,27.289672851562,70.059616088867,0.97889715433121
28,8,286.20504760742,157.45947265625,28.503479003906,73.963806152344,0.9151503443718
28,9,987.77563476562,165.69212341309,53.121520996094,139.92498779297,0.73841637372971
29,1,230.5295715332,158.11772155762,30.698486328125,75.220268249512,0.97889864444733
29,2,309.58596801758,160.20265197754,33.163635253906,84.078102111816,0.97889810800552
29,3,301.12448120117,160.58004760742,30.793701171875,78.845855712891,0.97889804840088
29,4,336.19506835938,159.99493408203,32.555786132812,83.81623840332,0.97881013154984
29,5,610.61151123047,152.34802246094,36.489135742188,118.91458892822,0.90104842185974
29,6,270.88259887695,160.75848388672,26.169738769531,65.926391601562,0.97881871461868
29,8,286.23153686523,155.46276855469,31.198974609375,80.822158813477,0.97263199090958
29,9,995.666015625,166.45182800293,51.284240722656,138.04104614258,0.55531144142151
29,10,971.38098144531,144.54173278809,54.691589355469,161.15817260742,0.80406838655472
30,1,225.12466430664,158.76669311523,28.787841796875,71.961791992188,0.97889816761017
30,2,311.63323974609,162.5224609375,33.060424804688,84.061264038086,0.97890031337738
30,3,300.65408325195,158.14511108398,30.518859863281,78.415237426758,0.97888368368149
30,4,333.33288574219,160.02627563477,31.968994140625,83.831787109375,0.97883456945419
30,5,618.68969726562,151.38220214844,38.096862792969,120.38672637939,0.71179872751236
30,6,266.19869995117,156.19960021973,28.239868164062,73.668792724609,0.97881329059601
30,8,280.36639404297,156.31466674805,30.954711914062,78.693145751953,0.97835075855255
30,10,980.92614746094,142.86996459961,56.501342773438,162.52589416504,0.62217724323273
31,1,214.70025634766,152.03295898438,50.4873046875,85.614517211914,0.97885292768478
31,2,297.87271118164,156.87393188477,68.699951171875,94.172386169434,0.7737495303154
31,3,297.79293823242,158.07322692871,47.572570800781,77.928047180176,0.97889685630798
31,4,323.33114624023,156.58460998535,50.829040527344,89.954132080078,0.9788498878479
31,5,604.31481933594,148.41778564453,72.981506347656,124.20831298828,0.52802926301956
31,6,259.51354980469,156.99462890625,45.458862304688,72.015327453613,0.97889077663422
31,8,278.41897583008,154.00323486328,49.539855957031,82.983840942383,0.97879296541214
31,10,996.06567382812,138.41938781738,76.341552734375,177.60488891602,0.91174948215485
32,1,222.64877319336,154.1130065918,23.991455078125,81.583389282227,0.97884207963943
32,2,302.29779052734,151.20608520508,55.346801757812,103.97184753418,0.59154450893402
32,3,313.34732055664,157.1820526123,22.23876953125,78.578941345215,0.97889798879623
32,4,331.97259521484,157.79405212402,24.349487304688,87.444580078125,0.97886627912521
32,5,619.62683105469,153.0248260498,53.746765136719,121.34442138672,0.87443464994431
32,6,268.30087280273,158.55442810059,19.927795410156,71.819038391113,0.9788966178894
32,8,294.71044921875,162.01351928711,20.653259277344,71.136299133301,0.97888904809952
32,10,1021.0513305664,141.81088256836,50.036743164062,170.78869628906,0.97225028276443
33,1,225.47113037109,156.23115539551,29.369873046875,77.932640075684,0.97885811328888
33,2,314.67779541016,157.47846984863,47.21435546875,90.444244384766,0.90117985010147
33,3,311.24200439453,156.44247436523,28.236633300781,77.651077270508,0.97889810800552
33,4,330.4621887207,160.69526672363,29.094421386719,79.718482971191,0.97889536619186
33,5,628.1875,152.64073181152,53.060607910156,123.59523773193,0.68844473361969
33,6,272.17431640625,162.69911193848,24.508544921875,66.656768798828,0.97889798879623
33,8,294.89468383789,163.08081054688,26.325500488281,69.695350646973,0.97889733314514
33,10,1027.7945556641,141.11096191406,58.578186035156,168.16255187988,0.76885116100311
34,1,223.79745483398,154.5869140625,34.907165527344,82.870994567871,0.97879880666733
34,2,318.14636230469,156.99806213379,44.651550292969,91.943229675293,0.71191155910492
34,3,306.28869628906,157.04948425293,32.021362304688,77.331207275391,0.97890192270279
34,4,330.84124755859,160.2130279541,34.256164550781,82.852867126465,0.97889786958694
34,5,641.06579589844,153.74571228027,49.067932128906,113.47054290771,0.93208378553391
34,6,272.38467407227,162.68098449707,29.504272460938,69.102592468262,0.97890317440033
34,8,290.08190917969,160.59437561035,29.698364257812,70.516014099121,0.97889804840088
34,10,1029.4367675781,138.90014648438,56.964477539062,168.09352111816,0.58656376600266
35,1,226.80429077148,154.33172607422,34.24462890625,84.264167785645,0.97888952493668
35,2,317.0182800293,154.56312561035,40.6142578125,97.931129455566,0.52757716178894
35,3,321.6755065918,160.921875,29.731567382812,72.275177001953,0.97889840602875
35,4,332.87933349609,155.95625305176,33.507019042969,84.120780944824,0.97889810800552
35,5,655.38977050781,153.81912231445,43.564392089844,102.21678161621,0.97445523738861
35,6,272.369140625,160.64154052734,27.471862792969,74.956649780273,0.77374756336212
35,8,297.43759155273,164.96803283691,27.054809570312,66.074333190918,0.97889810800552
35,9,672.90277099609,157.84536743164,28.59912109375,85.043350219727,0.50374859571457
36,1,229.29168701172,154.62663269043,34.16064453125,84.25154876709,0.97885471582413
36,2,304.09939575195,160.41409301758,33.313781738281,82.729354858398,0.87429851293564
36,3,330.40655517578,159.10562133789,30.483764648438,75.366500854492,0.97889810800552
36,4,339.20980834961,158.63293457031,31.577392578125,79.034194946289,0.97889810800552
36,5,658.740234375,151.2345123291,39.682434082031,102.56659698486,0.77048367261887
36,6,270.03726196289,159.24328613281,26.239440917969,76.658584594727,0.95136696100235
36,7,693.49450683594,210.01290893555,27.048034667969,77.366409301758,0.50902491807938
36,8,304.78421020508,166.39842224121,27.601501464844,68.761619567871,0.97889810800552
36,9,688.79577636719,159.97186279297,25.825622558594,69.567108154297,0.86299175024033
36,10,1053.0770263672,144.50253295898,55.925720214844,165.68949890137,0.80121326446533
37,1,232.78842163086,158.86154174805,32.945678710938,79.232391357422,0.97884124517441
37,2,290.8132019043,158.54579162598,33.483337402344,82.708953857422,0.96767574548721
37,3,332.81170654297,161.02285766602,29.296630859375,71.986206054688,0.97887206077576
37,4,344.21295166016,155.14405822754,36.651977539062,93.382255554199,0.97889810800552
37,5,661.43957519531,149.79684448242,35.309143066406,104.47556304932,0.58822584152222
37,6,267.43627929688,158.38110351562,28.681884765625,76.951797485352,0.97625684738159
37,7,696.07946777344,205.96389770508,27.998413085938,83.21142578125,0.86526137590408
37,8,310.8596496582,168.94694519043,26.890441894531,65.942771911621,0.97888678312302
37,9,693.54846191406,159.15162658691,24.787109375,67.744438171387,0.67828410863876
37,10,1077.70703125,145.29983520508,68.92724609375,176.63836669922,0.95654946565628
38,1,237.12478637695,161.41711425781,31.959533691406,77.3525390625,0.97889322042465
38,2,285.76473999023,155.7335357666,32.734252929688,84.032539367676,0.97790795564651
38,3,330.56930541992,165.25856018066,28.278198242188,70.014137268066,0.97889584302902
38,4,347.03060913086,157.82189941406,36.433837890625,92.805435180664,0.97885578870773
38,6,266.01245117188,156.79504394531,27.307861328125,81.171745300293,0.77181136608124
38,7,699.0830078125,203.81600952148,26.608703613281,86.838813781738,0.68010765314102
38,8,314.10018920898,168.16647338867,27.233581542969,68.511840820312,0.97889715433121
38,9,701.17956542969,170.22825622559,21.899780273438,64.943389892578,0.92915153503418
38,10,1088.6630859375,144.19229125977,69.900695800781,178.34823608398,0.75700485706329
39,1,240.48599243164,162.0406036377,31.871215820312,77.232940673828,0.97880047559738
39,2,284.47665405273,155.05587768555,33.096130371094,84.085975646973,0.97881251573563
39,3,328.19262695312,167.11897277832,27.708618164062,69.959625244141,0.97888827323914
39,4,355.05169677734,161.2498626709,35.172119140625,86.007141113281,0.97889447212219
39,6,265.8376159668,157.81729125977,25.783874511719,78.590965270996,0.95102018117905
39,7,713.22119140625,207.39562988281,23.201843261719,79.92903137207,0.9298283457756
39,8,315.34005737305,168.87422180176,27.453430175781,69.902183532715,0.97889804840088
39,9,718.10852050781,171.11605834961,23.445983886719,63.40894317627,0.97414821386337
39,10,1104.1268310547,145.15776062012,69.754821777344,180.01251220703,0.94813042879105
39,11,415.01303100586,163.41188049316,28.931518554688,79.554992675781,0.6075394153595
39,12,27.906585693359,181.77890014648,44.414123535156,139.41915893555,0.50916230678558
40,1,246.076171875,164.69915771484,28.522827148438,68.068496704102,0.97883009910583
40,2,283.82992553711,154.69692993164,33.683654785156,84.258720397949,0.97889071702957
40,3,324.3366394043,164.09104919434,28.593017578125,74.813667297363,0.97887605428696
40,4,361.96054077148,161.11450195312,34.384765625,84.408950805664,0.9788978099823
40,6,265.37060546875,157.97811889648,28.461181640625,77.173614501953,0.97635346651077
40,7,721.39416503906,207.46664428711,21.949645996094,79.340545654297,0.73585706949234
40,8,316.78112792969,168.40179443359,25.041137695312,73.738082885742,0.77374792098999
40,9,724.30493164062,167.07106018066,23.240356445312,65.8623046875,0.77035212516785
40,10,1115.228515625,144.57218933105,68.54248046875,178.61706542969,0.7504591345787
40,11,416.20028686523,166.56433105469,30.578308105469,76.414833068848,0.90667569637299
41,1,232.46298217773,158.10800170898,65.043334960938,80.358512878418,0.77369827032089
41,2,277.29040527344,153.47998046875,50.572509765625,84.940383911133,0.97889745235443
41,3,322.21520996094,161.49819946289,46.479675292969,76.677040100098,0.97889620065689
41,4,362.73513793945,160.94877624512,49.002502441406,80.161750793457,0.97889804840088
41,5,769.17437744141,282.98333740234,41.866333007812,85.395370483398,0.56122255325317
41,6,251.69299316406,152.08169555664,49.607116699219,87.493896484375,0.97867751121521
41,7,706.64666748047,202.25305175781,59.385375976562,87.318489074707,0.55283373594284
41,8,313.11563110352,167.30871582031,44.535095214844,76.298454284668,0.95156174898148
41,9,710.63897705078,161.73970031738,59.460571289062,74.57568359375,0.5882779955864
41,10,1100.7313232422,145.59703063965,96.434875488281,172.54272460938,0.56847298145294
41,11,412.93341064453,163.85983276367,48.538635253906,82.205261230469,0.9716717004776
42,1,237.05136108398,152.09175109863,52.595520019531,91.254539489746,0.59182357788086
42,2,295.19522094727,152.40170288086,27.0234375,90.892349243164,0.97889804840088
42,3,332.53939819336,160.00440979004,21.282775878906,78.44994354248,0.9788972735405
42,4,376.23217773438,161.54858398438,20.815307617188,74.043846130371,0.97889810800552
42,6,254.97039794922,151.16461181641,25.880554199219,92.153732299805,0.97887909412384
42,7,723.50231933594,209.06211853027,36.403503417969,77.030662536621,0.88570332527161
42,8,314.68899536133,163.90051269531,19.726257324219,78.353088378906,0.97639971971512
42,9,729.61938476562,159.17059326172,38.519104003906,73.04541015625,0.89972853660583
42,11,426.43701171875,167.95886230469,18.632446289062,71.144058227539,0.97824364900589
43,1,243.533203125,155.75785827637,46.510131835938,86.902366638184,0.90112715959549
43,2,305.61791992188,153.21104431152,34.254577636719,91.736656188965,0.97889810800552
43,3,332.99609375,160.67437744141,27.471923828125,77.658355712891,0.97889804840088
43,4,376.68646240234,158.99687194824,23.477661132812,77.665855407715,0.77411246299744
43,6,254.67993164062,149.27906799316,29.833984375,97.61376953125,0.77373403310776
43,7,734.40716552734,208.73294067383,34.009887695312,78.278793334961,0.69903844594955
43,8,307.24008178711,164.1473236084,26.356018066406,77.658226013184,0.97862827777863
43,9,738.95843505859,155.11196899414,36.127197265625,76.093200683594,0.71137994527817
43,11,431.77871704102,167.52914428711,24.797546386719,69.796157836914,0.97884160280228
43,12,379.74783325195,172.89855957031,24.639221191406,84.774261474609,0.5374670624733
44,1,249.40582275391,155.86151123047,43.200561523438,89.901473999023,0.9710254073143
44,2,310.08901977539,157.54382324219,37.341979980469,86.518577575684,0.97889810800552
44,3,331.91821289062,159.68046569824,33.482666015625,82.486000061035,0.97887742519379
44,4,374.54934692383,156.23968505859,22.164855957031,84.07829284668,0.59198325872421
44,6,259.96759033203,149.2629699707,33.755615234375,99.841339111328,0.95148450136185
44,7,735.70196533203,205.79379272461,32.000854492188,82.759674072266,0.51406162977219
44,8,302.72131347656,162.14797973633,32.602111816406,82.454086303711,0.97886776924133
44,9,753.54504394531,158.92340087891,33.266540527344,71.664505004883,0.93786525726318
44,11,430.22869873047,164.17956542969,31.7880859375,80.47388458252,0.97886174917221
44,12,382.01916503906,165.66265869141,33.264953613281,90.327987670898,0.87874215841293
45,1,255.63311767578,155.26922607422,39.439208984375,91.398391723633,0.97820794582367
45,2,306.76065063477,157.05726623535,35.166564941406,84.503257751465,0.9788566827774
45,3,332.71890258789,157.89495849609,31.550903320312,88.039268493652,0.77405208349228
45,6,264.05767822266,147.49478149414,35.124206542969,104.5983581543,0.75375425815582
45,8,303.49978637695,160.90058898926,32.750854492188,84.15030670166,0.97889548540115
45,9,763.77410888672,159.14945983887,29.875610351562,71.460479736328,0.74233710765839
45,11,433.23526000977,164.81954956055,31.956970214844,83.474227905273,0.97874230146408
45,12,382.35922241211,162.64666748047,33.692932128906,91.775268554688,0.96820420026779
46,1,262.0205078125,155.66491699219,38.236328125,91.288345336914,0.97883850336075
46,2,302.46328735352,155.63505554199,33.319274902344,84.167594909668,0.97889649868011
46,3,334.64544677734,166.51545715332,24.873291015625,71.187278747559,0.95154505968094
46,4,384.58242797852,160.90615844727,16.259338378906,75.776039123535,0.80488532781601
46,6,263.48178100586,145.62533569336,30.787292480469,110.31031036377,0.57110166549683
46,7,761.92443847656,205.71354675293,27.190307617188,89.423133850098,0.74863165616989
46,8,307.32861328125,160.791015625,32.727355957031,84.142608642578,0.97885090112686
46,9,781.15277099609,160.76361083984,27.246337890625,70.119918823242,0.94510269165039
46,11,438.8092956543,162.64938354492,33.797546386719,88.908905029297,0.97885572910309
46,12,369.35327148438,171.27313232422,28.249450683594,71.786178588867,0.97795557975769
47,1,267.29721069336,158.77346801758,36.817993164062,86.323196411133,0.97889298200607
47,2,301.75555419922,155.05844116211,33.340515136719,84.106025695801,0.97889798879623
47,3,335.41558837891,167.82878112793,24.158813476562,70.553718566895,0.75312215089798
47,4,390.18814086914,158.8323059082,28.601257324219,86.000900268555,0.95713442564011
47,7,777.31036376953,205.25497436523,27.629028320312,91.228584289551,0.56673568487167
47,8,310.45812988281,160.69486999512,33.523254394531,84.246063232422,0.97886848449707
47,9,793.18853759766,160.31768798828,26.062622070312,69.966682434082,0.74808168411255
47,11,444.54763793945,164.52822875977,33.468078613281,85.632850646973,0.97884237766266
47,12,356.40203857422,176.10208129883,25.727294921875,65.329498291016,0.97881662845612
48,1,269.76766967773,160.11283874512,35.224853515625,84.453125,0.97889769077301
48,2,300.0920715332,156.81495666504,33.525390625,84.123138427734,0.97889810800552
48,3,334.97543334961,165.92907714844,19.5048828125,75.824279785156,0.57045084238052
48,4,391.50103759766,157.05731201172,28.816650390625,92.985893249512,0.75743907690048
48,8,313.03079223633,160.64318847656,33.389282226562,84.151100158691,0.97881478071213
48,9,795.33093261719,159.36901855469,21.537048339844,71.251029968262,0.56525260210037
48,11,449.37872314453,165.88650512695,32.931518554688,83.954063415527,0.97883021831512
48,12,353.63854980469,175.41423034668,22.39794921875,68.772422790527,0.77381277084351
49,1,272.98883056641,160.37002563477,34.5400390625,84.330688476562,0.97883117198944
49,2,304.83804321289,155.91558837891,35.546508789062,89.330215454102,0.97889810800552
49,3,338.91589355469,158.9108581543,22.301574707031,82.025497436523,0.89300274848938
49,4,402.56240844727,165.8046875,22.359191894531,72.40983581543,0.94830423593521
49,7,808.35717773438,210.90229797363,20.609802246094,86.269317626953,0.78615307807922
49,8,318.00296020508,159.74758911133,35.304077148438,89.350883483887,0.97889089584351
49,11,454.10961914062,167.58837890625,31.364868164062,78.767593383789,0.97888964414597
49,12,355.08200073242,175.45587158203,22.718017578125,69.992568969727,0.95155739784241
