1,1,211.11480712891,143.74526977539,52.067321777344,105.14195251465,0.86077719926834
1,2,549.22814941406,167.62495422363,37.999084472656,75.312103271484,0.86087054014206
1,3,-4.0546112060547,161.83941650391,41.191680908203,70.14176940918,0.86110895872116
1,4,490.78753662109,196.75297546387,46.290130615234,91.872100830078,0.86110895872116
1,5,335.9677734375,211.73937988281,44.893707275391,88.842651367188,0.8608393073082
1,7,228.82940673828,162.04048156738,46.746398925781,97.350952148438,0.8609704375267
1,8,94.725204467773,160.45715332031,41.370025634766,74.318084716797,0.86099499464035
1,9,45.994812011719,191.40277099609,40.905822753906,68.401123046875,0.86110895872116
1,10,477.04779052734,133.27713012695,35.439056396484,62.366256713867,0.86069512367249
1,11,316.8203125,124.73355865479,35.989410400391,62.07536315918,0.86105567216873
1,12,-1.7206726074219,149.50991821289,45.498962402344,85.837890625,0.86110895872116
1,13,26.303909301758,172.27593994141,39.734710693359,66.108825683594,0.86110889911652
1,14,153.24215698242,135.74822998047,39.487335205078,74.708618164062,0.86069840192795
1,15,469.36972045898,172.09100341797,41.954528808594,87.813583374023,0.86110895872116
1,16,197.55938720703,150.73168945312,52.064849853516,105.1431427002,0.86106276512146
1,17,39.915725708008,136.50994873047,38.291778564453,65.825347900391,0.86090153455734
1,18,67.873916625977,139.24241638184,37.223236083984,61.532165527344,0.86084228754044
2,1,217.48876953125,147.75012207031,42.189453125,101.5859375,0.96587306261063
2,2,558.37371826172,171.61325073242,23.874755859375,65.727523803711,0.96584224700928
2,3,-0.76492309570312,166.69943237305,30.1865234375,67.131301879883,0.96587389707565
2,4,496.89129638672,197.77279663086,33.123138427734,87.200378417969,0.96584528684616
2,5,338.17776489258,214.02752685547,31.659606933594,81.884674072266,0.96584814786911
2,7,233.54042053223,158.3796081543,38.539611816406,100.92895507812,0.96582740545273
2,8,102.36032104492,164.36019897461,29.391479492188,68.511123657227,0.96590310335159
2,9,50.781188964844,193.37686157227,29.673950195312,70.78971862793,0.96582561731339
2,10,483.67559814453,129.56283569336,24.0888671875,69.133560180664,0.96586173772812
2,11,302.19528198242,121.33735656738,22.790832519531,60.216613769531,0.96581733226776
2,12,-0.25784301757812,157.95095825195,32.174499511719,67.983093261719,0.96592175960541
2,13,29.415328979492,172.1136932373,27.322540283203,62.073516845703,0.96586447954178
2,14,154.25228881836,142.08160400391,26.969299316406,65.206466674805,0.96586215496063
2,15,475.96887207031,176.96406555176,28.024688720703,73.260070800781,0.96588885784149
2,16,204.02006530762,154.80717468262,42.202239990234,101.7004699707,0.96589243412018
2,17,30.054626464844,143.31915283203,26.739379882812,61.884368896484,0.96589022874832
2,18,66.230499267578,157.69551086426,26.589416503906,63.835571289062,0.96588206291199
3,1,220.96739196777,163.28793334961,40.152038574219,83.050186157227,0.97760230302811
3,2,566.17309570312,175.21365356445,25.919128417969,59.944946289062,0.97774189710617
3,3,-1.4353942871094,166.92807006836,31.693115234375,69.756103515625,0.97765922546387
3,4,499.87426757812,199.6160736084,35.15625,84.028961181641,0.97774213552475
3,5,337.44961547852,217.85217285156,33.822204589844,82.458923339844,0.977703332901
3,6,192.1215057373,137.04083251953,25.661560058594,58.237121582031,0.60767704248428
3,7,236.31999206543,161.43907165527,40.802825927734,93.982269287109,0.97774052619934
3,8,107.57487487793,153.4718170166,34.876312255859,85.144012451172,0.97771292924881
3,9,52.357086181641,194.84205627441,31.508911132812,71.168914794922,0.97774034738541
3,10,488.43783569336,133.04534912109,26.949951171875,61.917297363281,0.97774469852448
3,11,303.81033325195,125.60214233398,24.869445800781,59.116333007812,0.97772109508514
3,12,3.5430603027344,157.46762084961,32.373718261719,68.908386230469,0.97774523496628
3,13,35.613983154297,171.72888183594,28.913452148438,64.235244750977,0.97765874862671
3,14,165.71629333496,143.03988647461,27.785308837891,60.132705688477,0.97774368524551
3,15,473.9736328125,174.76748657227,33.4541015625,84.962707519531,0.97774612903595
3,16,209.24728393555,166.31135559082,40.11962890625,83.146148681641,0.97774642705917
3,17,23.125579833984,151.82034301758,29.485290527344,67.663696289062,0.97774624824524
3,18,67.648071289062,166.97721862793,29.532043457031,64.103576660156,0.97774547338486
3,20,159.84423828125,142.27615356445,28.494262695312,30.244354248047,0.60774856805801
4,1,222.19262695312,174.88442993164,37.134826660156,72.534622192383,0.97878605127335
4,2,572.34887695312,178.22378540039,26.978240966797,58.053237915039,0.97879815101624
4,3,-5.0551147460938,165.63464355469,34.997619628906,75.65380859375,0.97879099845886
4,4,500.02401733398,201.52908325195,36.556579589844,82.326736450195,0.97879111766815
4,5,336.31762695312,220.34043884277,36.044219970703,82.767913818359,0.97879481315613
4,7,235.79978942871,158.7685546875,43.244720458984,97.186645507812,0.97869908809662
4,8,110.60733032227,162.1954498291,35.562866210938,71.825897216797,0.97879564762115
4,9,53.396926879883,198.66188049316,33.481658935547,71.23046875,0.97872257232666
4,10,487.92468261719,132.29942321777,28.747680664062,62.695739746094,0.77326464653015
4,11,315.17614746094,128.06025695801,27.654022216797,58.503234863281,0.97879636287689
4,12,3.1493072509766,158.86917114258,34.337860107422,71.431015014648,0.97879844903946
4,13,42.316955566406,172.16703796387,32.429138183594,69.806854248047,0.97876566648483
4,14,157.14860534668,138.16473388672,29.000946044922,59.605224609375,0.97879827022552
4,15,469.67663574219,179.51220703125,37.622711181641,89.499160766602,0.9787985086441
4,16,208.08441162109,166.09796142578,40.343933105469,86.739700317383,0.77290499210358
4,17,18.982376098633,156.07934570312,32.975921630859,70.414810180664,0.9787985086441
4,18,68.572082519531,173.90661621094,31.5712890625,64.585464477539,0.97879844903946
4,19,508.91598510742,133.21842956543,24.618225097656,57.933166503906,0.53536820411682
5,1,226.94483947754,179.55432128906,34.094482421875,70.06379699707,0.97888845205307
5,2,581.49450683594,180.79776000977,26.555908203125,56.957489013672,0.97888946533203
5,3,-3.965087890625,163.66374206543,36.609375,82.207702636719,0.97888886928558
5,4,502.18807983398,198.13650512695,37.583068847656,87.359268188477,0.97875797748566
5,5,336.37271118164,221.16015625,36.061340332031,82.283752441406,0.97888922691345
5,6,184.03686523438,135.72082519531,28.778625488281,60.392181396484,0.81464678049088
5,7,240.64712524414,157.53910827637,43.564392089844,98.191741943359,0.97885459661484
5,8,116.90383911133,160.38906860352,35.848876953125,79.198654174805,0.97875964641571
5,9,58.838165283203,202.32028198242,32.02587890625,66.840484619141,0.97887587547302
5,10,486.60339355469,131.2956237793,28.791442871094,64.39372253418,0.59102863073349
5,11,322.74407958984,129.9051361084,27.919464111328,58.501922607422,0.97885602712631
5,12,6.5488586425781,156.89175415039,36.215698242188,80.67854309082,0.97888952493668
5,13,40.187438964844,172.99423217773,31.892700195312,66.677429199219,0.97888666391373
5,14,149.15902709961,137.13232421875,28.040771484375,65.685195922852,0.77367496490479
5,15,470.64566040039,187.54968261719,37.570434570312,83.228851318359,0.978884100914
5,16,206.41137695312,163.57553100586,40.139221191406,94.155990600586,0.591841340065
5,17,31.678512573242,152.00241088867,35.819549560547,80.630615234375,0.97888952493668
5,18,74.1142578125,174.53967285156,32.114196777344,69.095703125,0.97888952493668
5,19,508.38439941406,133.51034545898,21.743041992188,59.144180297852,0.87802684307098
6,1,230.92025756836,178.75352478027,34.055450439453,74.016876220703,0.9788972735405
6,2,589.79296875,182.17514038086,26.220458984375,56.795166015625,0.97886669635773
6,3,-1.9214172363281,171.20848083496,36.104248046875,74.269439697266,0.97889733314514
6,4,506.92651367188,198.97477722168,35.951171875,78.486053466797,0.97882622480392
6,5,336.80587768555,219.00909423828,38.539001464844,93.289794921875,0.97889733314514
6,6,190.17855834961,136.53018188477,28.313293457031,58.461990356445,0.95874184370041
6,7,247.97286987305,158.92276000977,42.91845703125,92.740982055664,0.9788943529129
6,8,110.56878662109,148.74569702148,39.746612548828,94.073287963867,0.97888618707657
6,9,61.453796386719,202.38874816895,31.934448242188,69.298431396484,0.97877907752991
6,11,329.25921630859,130.38575744629,27.713317871094,57.921630859375,0.97889447212219
6,12,9.3152160644531,156.02824401855,38.393859863281,83.573028564453,0.978875041008
6,13,36.299133300781,175.41751098633,30.777709960938,64.820602416992,0.97889709472656
6,14,141.44403076172,140.09503173828,31.518951416016,78.120971679688,0.95154762268066
6,15,488.98956298828,185.35061645508,34.840545654297,72.552780151367,0.97889691591263
6,17,48.543716430664,145.38345336914,41.437774658203,94.962036132812,0.97885644435883
6,18,77.986022949219,161.14263916016,37.662536621094,90.974517822266,0.97889739274979
6,19,509.20690917969,129.59655761719,29.115844726562,67.310546875,0.96812915802002
6,20,158.82531738281,133.78039550781,33.998962402344,54.640121459961,0.67804795503616
7,1,232.7479095459,182.72590637207,33.681091308594,70.908020019531,0.97889804840088
7,2,596.08386230469,185.24133300781,26.515075683594,56.084487915039,0.97889542579651
7,3,1.3343811035156,168.63995361328,37.008056640625,80.879150390625,0.97883611917496
7,4,510.05407714844,198.01937866211,35.908081054688,79.539154052734,0.97889190912247
7,5,336.79037475586,214.95831298828,42.74365234375,103.33848571777,0.97887206077576
7,6,201.6554107666,133.00712585449,29.17333984375,62.774810791016,0.97708708047867
7,7,252.45191955566,157.0927734375,43.693939208984,96.210464477539,0.9788658618927
7,8,100.98274230957,164.22317504883,36.312530517578,72.593704223633,0.97888433933258
7,9,63.273178100586,205.86087036133,31.162261962891,66.26969909668,0.97888785600662
7,11,330.27536010742,129.66757202148,28.0048828125,60.115783691406,0.77374535799026
7,12,12.532257080078,156.53720092773,39.057861328125,83.898910522461,0.97888416051865
7,13,38.72297668457,177.39962768555,29.344390869141,60.799057006836,0.97880589962006
7,14,143.13572692871,152.5196685791,31.209747314453,64.344421386719,0.97640430927277
7,15,505.24877929688,178.75212097168,32.5439453125,64.677642822266,0.97887766361237
7,16,218.81600952148,176.23403930664,36.776977539062,78.626266479492,0.80410724878311
7,17,51.952239990234,142.92167663574,44.053283691406,104.56356811523,0.77373605966568
7,18,75.640701293945,169.21130371094,36.062347412109,72.909530639648,0.97889268398285
7,19,515.37762451172,130.74745178223,30.864868164062,64.355499267578,0.97795361280441
7,20,170.42306518555,132.75401306152,31.914428710938,58.999603271484,0.92926055192947
8,1,239.49775695801,181.93167114258,33.669281005859,74.202178955078,0.97889810800552
8,2,598.474609375,185.66305541992,26.147033691406,55.178771972656,0.77422821521759
8,3,4.6670379638672,172.99043273926,35.953155517578,74.347503662109,0.97889274358749
8,4,513.16711425781,197.49993896484,36.027160644531,80.989868164062,0.97887527942657
8,5,338.61016845703,224.48971557617,40.904937744141,88.252075195312,0.97887283563614
8,6,200.0341796875,132.56072998047,29.110687255859,59.389831542969,0.97871392965317
8,7,258.61346435547,160.38885498047,42.839721679688,92.43896484375,0.9788710474968
8,8,98.309158325195,168.9637298584,34.499114990234,73.717742919922,0.97880297899246
8,9,65.132080078125,204.86587524414,31.267944335938,69.13981628418,0.97889721393585
8,10,613.86883544922,187.62867736816,25.706634521484,57.129760742188,0.66596072912216
8,11,334.85452270508,130.92468261719,27.345031738281,58.435394287109,0.95156127214432
8,12,14.721710205078,156.25079345703,38.9765625,84.007446289062,0.97889280319214
8,13,39.230224609375,172.58470153809,30.364379882812,67.865783691406,0.97887456417084
8,14,142.78561401367,161.38470458984,30.509155273438,62.972747802734,0.97864401340485
8,15,507.7951965332,176.3271484375,30.675964355469,63.802795410156,0.77390384674072
8,16,224.95999145508,177.97241210938,35.951843261719,77.422164916992,0.62326264381409
8,17,50.165618896484,156.85321044922,38.677734375,80.328979492188,0.95155948400497
8,18,72.850463867188,175.22076416016,33.4091796875,69.586685180664,0.9787745475769
8,19,523.25476074219,133.05464172363,29.713806152344,62.293853759766,0.97881811857224
8,20,172.34579467773,132.73890686035,31.727783203125,63.981658935547,0.73539525270462
9,1,247.11401367188,181.61102294922,34.088256835938,75.760757446289,0.97887843847275
9,2,598.96295166016,184.84963989258,25.468109130859,54.457717895508,0.59230065345764
9,3,4.3820190429688,173.83386230469,35.6005859375,80.040451049805,0.77437269687653
9,4,516.31750488281,194.40687561035,37.328552246094,86.779022216797,0.97889614105225
9,5,339.443359375,223.65821838379,40.733673095703,93.794891357422,0.97887575626373
9,6,196.71813964844,131.94271850586,27.956848144531,58.611343383789,0.97887367010117
9,7,264.86981201172,176.27359008789,37.347900390625,70.951217651367,0.97889578342438
9,8,100.73812866211,171.03637695312,33.811584472656,71.868270874023,0.97886234521866
9,9,67.877029418945,203.82023620605,31.849273681641,70.705291748047,0.97889167070389
9,10,617.35375976562,187.9118347168,24.443908691406,57.529693603516,0.92567819356918
9,11,341.11447143555,132.18258666992,27.069702148438,57.639465332031,0.9763440489769
9,12,13.941680908203,157.88696289062,39.063049316406,83.947799682617,0.97886538505554
9,13,41.721832275391,170.68873596191,31.918640136719,70.732757568359,0.97888296842575
9,14,143.39471435547,169.71838378906,29.991912841797,63.83869934082,0.97887617349625
9,15,507.96429443359,175.47241210938,29.698394775391,63.930709838867,0.59211581945419
9,16,231.30590820312,179.16461181641,35.167297363281,77.074645996094,0.91239720582962
9,17,40.453872680664,156.39227294922,37.221893310547,80.715591430664,0.97640544176102
9,18,73.643096923828,176.94415283203,32.618347167969,70.617614746094,0.97876793146133
9,19,530.95288085938,132.060546875,28.817810058594,61.830841064453,0.97887283563614
9,20,169.08325195312,132.11087036133,30.846069335938,63.371200561523,0.94334417581558
10,1,253.53149414062,182.94732666016,34.151977539062,75.756393432617,0.97889637947083
10,3,2.0864562988281,171.80018615723,35.546203613281,90.56005859375,0.5921767950058
10,4,521.69769287109,196.41493225098,37.210815429688,82.977203369141,0.97874766588211
10,5,339.21438598633,221.90252685547,41.484313964844,97.021499633789,0.97890001535416
10,6,194.68518066406,130.24523925781,27.273559570312,63.143814086914,0.77373015880585
10,7,271.95916748047,169.16796875,37.365783691406,83.941833496094,0.97889792919159
10,8,104.74966430664,173.4312286377,33.148986816406,70.319061279297,0.97886252403259
10,9,70.142456054688,205.0951385498,31.905517578125,70.670043945312,0.97889757156372
10,10,623.30322265625,189.453125,25.137634277344,57.096878051758,0.97376132011414
10,11,346.33642578125,132.03375244141,26.930999755859,57.559020996094,0.97867953777313
10,12,16.624084472656,160.46311950684,38.969848632812,83.911956787109,0.97886973619461
10,13,60.025924682617,163.25151062012,30.840789794922,63.020660400391,0.97880029678345
10,14,147.8599395752,171.75704956055,31.020050048828,67.989440917969,0.97889620065689
10,16,248.59260559082,180.47337341309,36.367279052734,80.844207763672,0.97230893373489
10,17,34.941757202148,146.28814697266,39.884490966797,94.529006958008,0.97868204116821
10,18,76.409301757812,176.02697753906,36.151489257812,85.598571777344,0.97888690233231
10,19,539.54333496094,131.77716064453,29.372131347656,61.840362548828,0.9788179397583
10,20,170.73736572266,133.64044189453,29.433166503906,59.746154785156,0.97553288936615
11,1,256.06521606445,179.74633789062,43.193054199219,81.105773925781,0.97889792919159
11,4,527.08538818359,191.16357421875,46.198516845703,94.81266784668,0.97887820005417
11,5,340.41674804688,222.22418212891,48.636932373047,99.704223632812,0.97889828681946
11,6,206.96710205078,128.93966674805,38.520324707031,67.746231079102,0.9514599442482
11,7,277.92340087891,174.94808959961,42.809234619141,75.230972290039,0.9787945151329
11,8,103.35105895996,164.90950012207,44.770599365234,83.892486572266,0.97886419296265
11,9,64.18913269043,193.15447998047,50.091339111328,94.304611206055,0.77374756336212
11,10,631.73883056641,189.22515869141,34.369354248047,62.20849609375,0.97845041751862
11,11,348.92343139648,129.87077331543,36.551696777344,61.661346435547,0.97887927293777
11,12,12.542190551758,161.90170288086,47.182830810547,83.706787109375,0.97880166769028
11,13,54.145721435547,151.39239501953,49.341918945312,87.041412353516,0.77367639541626
11,14,147.38336181641,168.67106628418,41.155944824219,73.617523193359,0.97889792919159
11,15,524.03930664062,172.37562561035,37.834533691406,68.686859130859,0.80398833751678
11,16,256.23474121094,181.13189697266,44.494598388672,83.017333984375,0.97832214832306
11,17,27.474884033203,145.85705566406,48.436096191406,92.31575012207,0.97887569665909
11,18,67.881958007812,160.90620422363,52.070922851562,114.50961303711,0.97883123159409
11,19,547.21704101562,127.55153656006,39.258728027344,71.750198364258,0.97878974676132
11,20,168.83282470703,130.69761657715,38.660217285156,62.232635498047,0.97860586643219
12,1,265.5048828125,181.51055908203,31.60791015625,79.509872436523,0.97889184951782
12,2,607.37603759766,189.17175292969,33.048980712891,67.467697143555,0.66664338111877
12,4,533.52648925781,192.27824401855,33.509582519531,88.640716552734,0.97889637947083
12,5,344.94635009766,224.84234619141,36.815216064453,95.507507324219,0.97888952493668
12,6,227.53924560547,132.61013793945,26.835754394531,62.608505249023,0.97639584541321
12,7,286.89422607422,173.40408325195,31.999603271484,81.670059204102,0.97881668806076
12,8,112.55841064453,168.34274291992,33.116333007812,76.250366210938,0.97889518737793
12,9,66.217437744141,184.16429138184,45.2919921875,112.14190673828,0.5915424823761
12,10,640.05133056641,188.10859680176,20.616546630859,61.783477783203,0.97885948419571
12,11,356.74002075195,129.91954040527,23.7060546875,60.651702880859,0.97884917259216
12,12,14.991607666016,158.28392028809,37.883666992188,95.001190185547,0.77372723817825
12,13,53.117691040039,152.85678100586,41.961273193359,86.624969482422,0.9513618350029
12,14,154.7081451416,169.49340820312,29.896392822266,72.840866088867,0.97889417409897
12,15,534.78527832031,163.76956176758,24.895751953125,77.205108642578,0.62186145782471
12,16,270.62396240234,187.44876098633,32.742462158203,79.810012817383,0.97883528470993
12,17,31.332763671875,150.38986206055,37.932006835938,86.533096313477,0.97886282205582
12,18,71.487670898438,158.92230224609,47.150817871094,120.16351318359,0.97889232635498
12,19,554.41687011719,127.11656951904,26.964538574219,71.968276977539,0.97885262966156
12,20,175.12913513184,128.1743927002,27.074737548828,64.722961425781,0.97886699438095
13,1,271.75775146484,185.13861083984,32.398406982422,72.865447998047,0.97880929708481
13,3,313.39520263672,137.59385681152,29.559783935547,62.3671875,0.66730558872223
13,4,535.92456054688,190.94912719727,36.840850830078,90.017547607422,0.97887802124023
13,5,343.69046020508,222.49731445312,39.79931640625,97.609573364258,0.97889739274979
13,6,216.61340332031,131.98780822754,27.713226318359,59.433013916016,0.97868120670319
13,7,294.19091796875,184.1404876709,31.136108398438,65.894134521484,0.97889107465744
13,8,116.8218536377,166.50132751465,35.398895263672,81.074493408203,0.97889786958694
13,9,71.429656982422,197.37496948242,40.806030273438,87.733901977539,0.90122330188751
13,10,642.69702148438,187.49540710449,25.0625,63.550689697266,0.97883707284927
13,11,360.46026611328,130.85427856445,26.004913330078,59.221832275391,0.97889387607574
13,12,15.017791748047,161.73675537109,34.689331054688,73.941223144531,0.95155775547028
13,13,68.140487670898,171.07099914551,36.440093994141,66.784545898438,0.97636789083481
13,14,160.38352966309,171.42764282227,31.570404052734,71.20637512207,0.97889775037766
13,16,272.93020629883,191.13357543945,32.934753417969,72.755966186523,0.97889268398285
13,17,35.524475097656,157.34367370605,37.797058105469,79.307342529297,0.97886234521866
13,18,71.637252807617,156.20512390137,50.496246337891,128.02255249023,0.77374958992004
13,19,558.02026367188,125.04244995117,31.249389648438,74.9140625,0.97889417409897
13,20,177.51774597168,128.98040771484,28.124877929688,60.791137695312,0.97889542579651
14,1,280.64834594727,181.36981201172,35.381896972656,80.183303833008,0.97889041900635
14,3,293.52719116211,140.31372070312,26.696655273438,59.734252929688,0.92614114284515
14,4,536.02752685547,190.98832702637,39.202239990234,90.073394775391,0.97887343168259
14,5,342.62768554688,226.01052856445,41.039916992188,92.853042602539,0.97889804840088
14,6,214.24806213379,133.02891540527,27.912658691406,58.870513916016,0.97887939214706
14,7,300.62341308594,174.72653198242,33.964294433594,77.084365844727,0.97889751195908
14,8,120.97351074219,169.8260345459,37.062255859375,78.991638183594,0.97879701852798
14,9,76.742126464844,203.69450378418,38.852478027344,78.677459716797,0.97103673219681
14,10,645.81591796875,191.16110229492,27.660552978516,62.715515136719,0.97885113954544
14,11,364.39886474609,132.61819458008,27.592803955078,58.389694213867,0.97886878252029
14,12,15.594024658203,157.56176757812,34.637512207031,70.765930175781,0.97640526294708
14,13,67.495300292969,167.64428710938,36.123352050781,73.232971191406,0.97865557670593
14,14,167.22686767578,176.6044921875,32.294677734375,66.590393066406,0.97889029979706
14,16,274.87048339844,189.71600341797,34.036834716797,74.962875366211,0.97889763116837
14,17,37.249633789062,163.31455993652,38.24609375,77.715972900391,0.97876942157745
14,18,67.495422363281,152.00294494629,51.796203613281,140.42422485352,0.59229630231857
14,19,562.04760742188,128.74621582031,32.835266113281,70.391906738281,0.97889775037766
14,20,179.96566772461,131.93215942383,29.085998535156,59.406753540039,0.97877615690231
15,1,284.03103637695,177.66192626953,36.004943847656,86.62483215332,0.77435237169266
15,2,102.92321777344,177.96697998047,30.573547363281,63.219970703125,0.72243309020996
15,3,278.03472900391,135.7251739502,25.884429931641,59.018798828125,0.97379952669144
15,4,537.9208984375,193.92340087891,37.949249267578,83.41716003418,0.97886258363724
15,5,343.6337890625,229.02297973633,40.097778320312,90.586227416992,0.97889810800552
15,6,223.20321655273,130.57092285156,27.448760986328,58.310791015625,0.97889649868011
15,7,302.33450317383,163.90837097168,38.260925292969,93.429077148438,0.97889804840088
15,8,124.46377563477,166.58145141602,37.184020996094,81.873275756836,0.97884386777878
15,9,77.071350097656,200.79849243164,37.676513671875,87.166381835938,0.76852333545685
15,10,650.55627441406,196.29490661621,27.968200683594,61.834564208984,0.97888916730881
15,11,369.87030029297,133.88493347168,27.220031738281,57.800384521484,0.97888666391373
15,12,5.1822967529297,170.43057250977,34.705291748047,75.764022827148,0.97867131233215
15,13,60.940811157227,164.69729614258,35.246795654297,76.731567382812,0.97887718677521
15,14,174.38636779785,177.74703979492,31.910797119141,69.035446166992,0.97889739274979
15,15,24.075286865234,155.24078369141,30.496276855469,64.808044433594,0.68892312049866
15,16,280.83984375,191.37294006348,32.73681640625,71.214782714844,0.97878205776215
15,17,41.524505615234,169.53765869141,36.023376464844,72.787719726562,0.9788870215416
15,18,72.88330078125,162.96569824219,50.878479003906,125.21046447754,0.90135395526886
15,19,568.80432128906,128.7021484375,33.250915527344,72.770309448242,0.97887617349625
15,20,185.0680847168,133.81881713867,28.343383789062,58.927703857422,0.9788875579834
16,1,286.76058959961,183.8503112793,34.38134765625,78.929351806641,0.95167863368988
16,2,108.05429077148,178.67405700684,33.166137695312,66.921905517578,0.94059550762177
16,3,271.77890014648,134.841796875,25.675109863281,57.622604370117,0.97845381498337
16,4,539.92651367188,193.20921325684,36.653930664062,81.464752197266,0.97889506816864
16,5,342.21643066406,229.3246307373,39.516296386719,90.301361083984,0.97889810800552
16,6,223.16491699219,127.78984069824,28.021545410156,63.987670898438,0.77374678850174
16,7,305.98791503906,178.2106628418,36.277282714844,76.270874023438,0.97888284921646
16,8,128.46488952637,165.65054321289,37.800170898438,83.302322387695,0.97889345884323
16,9,81.182281494141,205.25796508789,36.1650390625,80.017059326172,0.95054012537003
16,10,656.04614257812,198.13327026367,27.723510742188,61.790023803711,0.97882169485092
16,11,374.84356689453,134.11784362793,26.944213867188,57.554962158203,0.97879230976105
16,12,-3.4120483398438,189.54545593262,35.2451171875,76.146179199219,0.97888374328613
16,13,60.936065673828,166.78266906738,35.462951660156,76.194305419922,0.97889631986618
16,14,178.3591003418,178.31747436523,32.06298828125,69.898452758789,0.97889804840088
16,15,23.863677978516,155.73992919922,34.962280273438,67.55712890625,0.93221116065979
16,16,282.82073974609,187.79235839844,32.857727050781,74.198196411133,0.97884076833725
16,17,41.397750854492,169.33447265625,35.990020751953,79.246688842773,0.77409511804581
16,18,73.849426269531,164.37226867676,53.247192382812,127.73397827148,0.71206098794937
16,19,574.19525146484,126.03809356689,33.782867431641,74.125991821289,0.97889465093613
16,20,188.39305114746,133.33549499512,28.052764892578,58.497802734375,0.97888469696045
17,1,292.35931396484,185.44190979004,34.422180175781,75.719207763672,0.97641688585281
17,2,116.60211181641,183.90811157227,31.195678710938,59.550323486328,0.97532629966736
17,3,270.49493408203,135.40057373047,26.761505126953,58.011001586914,0.97878086566925
17,4,542.44995117188,191.94735717773,35.439300537109,75.839477539062,0.97882527112961
17,5,340.9299621582,229.91334533691,39.593444824219,89.890411376953,0.97879534959793
17,6,242.43017578125,132.44290161133,28.111389160156,60.437850952148,0.95156157016754
17,7,317.99981689453,177.60516357422,32.964630126953,65.70442199707,0.97888261079788
17,8,134.72937011719,166.47109985352,38.219116210938,83.174880981445,0.97888165712357
17,9,87.582107543945,206.47250366211,36.191802978516,77.254623413086,0.97631025314331
17,10,657.77514648438,193.56996154785,34.220764160156,85.875183105469,0.97889149188995
17,11,379.38876342773,134.43754577637,27.146301269531,57.086334228516,0.97888898849487
17,12,-6.4216003417969,199.90634155273,36.188842773438,76.454788208008,0.97887825965881
17,13,60.680938720703,174.7350769043,33.750915527344,67.861999511719,0.97889769077301
17,14,180.74798583984,163.8576965332,37.005706787109,90.421905517578,0.97889810800552
17,15,26.37939453125,156.73764038086,34.105224609375,68.350997924805,0.97447419166565
17,16,291.64178466797,187.80924987793,33.739837646484,75.594512939453,0.97889316082001
17,17,40.385665893555,168.21424865723,34.560943603516,73.552978515625,0.95161390304565
17,18,71.441070556641,162.17379760742,53.721008300781,137.00640869141,0.52773380279541
17,19,580.26647949219,125.93627929688,34.573913574219,73.500244140625,0.9788978099823
17,20,187.52229309082,131.58944702148,28.582000732422,63.474166870117,0.7737380862236
18,1,298.69067382812,186.19219970703,34.214630126953,75.6826171875,0.97863107919693
18,2,123.7262878418,184.38244628906,29.977203369141,58.798522949219,0.97856295108795
18,3,274.03167724609,134.88111877441,26.859008789062,58.278106689453,0.97883719205856
18,4,542.31823730469,187.87100219727,35.361602783203,79.162506103516,0.97885650396347
18,5,340.00750732422,225.91940307617,40.672210693359,95.239990234375,0.97886180877686
18,6,251.36665344238,130.73937988281,29.148101806641,62.712768554688,0.75313496589661
18,7,327.79547119141,169.79830932617,29.714050292969,60.049682617188,0.97889679670334
18,8,139.49783325195,170.4725189209,37.089965820312,78.426666259766,0.97889667749405
18,9,89.005294799805,207.34027099609,35.420196533203,77.104080200195,0.97867375612259
18,10,663.21667480469,203.23501586914,33.506561279297,69.414779663086,0.9788458943367
18,11,383.43881225586,134.23681640625,27.023254394531,57.218444824219,0.97878724336624
18,12,-6.2667083740234,205.64855957031,35.966461181641,76.649658203125,0.97889637947083
18,13,60.514541625977,178.95126342773,31.519683837891,64.971328735352,0.97883796691895
18,14,186.12866210938,170.26910400391,36.241516113281,76.931381225586,0.97882300615311
18,15,28.633346557617,156.47805786133,34.288726806641,70.230590820312,0.9784933924675
18,16,303.84136962891,190.66665649414,34.242828369141,75.577087402344,0.97889769077301
18,17,51.322387695312,168.13473510742,34.849792480469,75.728149414062,0.97641068696976
18,19,584.65466308594,125.17463684082,34.780792236328,73.737213134766,0.97887736558914
18,20,185.34927368164,130.40856933594,28.611938476562,69.372131347656,0.59153288602829
19,1,309.50234985352,186.11758422852,34.226928710938,75.679489135742,0.97880530357361
19,2,128.61331176758,182.77716064453,28.200134277344,59.01789855957,0.97886919975281
19,3,277.1784362793,136.08076477051,27.304138183594,57.688140869141,0.97889286279678
19,4,542.79931640625,187.87521362305,34.277404785156,75.729995727539,0.97889453172684
19,5,339.32940673828,225.87387084961,41.646148681641,97.139022827148,0.97889494895935
19,6,248.92858886719,130.0334777832,28.82373046875,68.091644287109,0.57046693563461
19,7,335.3860168457,165.05488586426,27.548583984375,58.300018310547,0.97889798879623
19,8,143.60060119629,168.84490966797,37.195678710938,81.60905456543,0.97886967658997
19,9,92.686859130859,209.24172973633,34.932373046875,76.915420532227,0.97880131006241
19,10,667.36700439453,203.91221618652,33.720977783203,75.795989990234,0.97889357805252
19,11,388.88705444336,134.27682495117,26.721130371094,57.298675537109,0.97888851165771
19,12,-5.3525695800781,207.63871765137,37.213195800781,82.059967041016,0.97886550426483
19,13,62.151123046875,180.35804748535,30.713439941406,64.69677734375,0.97889226675034
19,14,191.68334960938,161.44955444336,38.781066894531,91.313415527344,0.97886657714844
19,15,31.588989257812,155.08193969727,33.638366699219,70.758651733398,0.97886317968369
19,16,309.82458496094,190.35403442383,34.295074462891,75.725845336914,0.97887414693832
19,17,52.606140136719,165.58694458008,34.559204101562,72.521545410156,0.97865557670593
19,18,105.69647216797,214.39730834961,34.330993652344,67.129699707031,0.75870317220688
19,19,588.36804199219,124.99304199219,34.26220703125,73.728637695312,0.97879832983017
20,1,315.34832763672,186.10122680664,34.311676025391,75.56005859375,0.97888827323914
20,2,131.90773010254,183.7244720459,27.785400390625,58.448394775391,0.97889560461044
20,3,278.68737792969,135.91006469727,27.21728515625,57.816818237305,0.97889763116837
20,4,542.82897949219,186.04399108887,34.600830078125,78.985382080078,0.97888070344925
20,5,339.39074707031,227.67852783203,42.013671875,97.232131958008,0.9788978099823
20,7,333.41683959961,170.49978637695,29.97998046875,70.51953125,0.97888261079788
20,8,147.53158569336,173.96520996094,35.291931152344,73.527404785156,0.97889566421509
20,9,95.6142578125,207.17819213867,35.979370117188,81.668411254883,0.97888976335526
20,10,670.14770507812,204.34936523438,36.059967041016,85.623733520508,0.97889769077301
20,11,390.31799316406,133.15689086914,26.685852050781,59.16731262207,0.77478134632111
20,12,-4.7873840332031,209.96798706055,38.03271484375,83.758392333984,0.97888880968094
20,13,65.991607666016,179.58187866211,31.448181152344,68.905319213867,0.97889453172684
20,14,193.45053100586,146.21159362793,45.077697753906,111.99649047852,0.97889536619186
20,15,32.479736328125,154.22503662109,33.664489746094,70.345840454102,0.97889506816864
20,16,310.17126464844,190.97116088867,33.761535644531,75.353332519531,0.97889602184296
20,17,49.1103515625,163.42247009277,33.331604003906,71.073883056641,0.97887718677521
20,18,111.19021606445,212.85400390625,33.31005859375,74.29216003418,0.94856405258179
20,19,594.96783447266,127.60802459717,33.116943359375,69.063186645508,0.97888952493668
21,1,315.04760742188,182.08392333984,44.085723876953,85.917037963867,0.9788972735405
21,2,130.47178649902,180.21842956543,37.611083984375,62.009613037109,0.97888112068176
21,3,280.07083129883,132.28564453125,36.943908691406,61.709823608398,0.97887498140335
21,4,544.455078125,182.74182128906,43.373046875,87.423263549805,0.97875463962555
21,5,338.52807617188,224.18766784668,50.089721679688,105.05532836914,0.97889804840088
21,6,508.82843017578,186.96513366699,42.967651367188,86.5458984375,0.7898371219635
21,7,338.70211791992,166.26275634766,38.610046386719,70.487319946289,0.97889679670334
21,8,147.06576538086,169.72080993652,44.482177734375,80.128021240234,0.97889417409897
21,9,94.537139892578,205.12457275391,44.702758789062,83.207015991211,0.97889739274979
21,10,674.59368896484,195.68280029297,47.864135742188,107.89869689941,0.97889804840088
21,11,384.14611816406,123.69817352295,45.017669677734,76.523208618164,0.59259128570557
21,12,-8.6139221191406,208.65171813965,46.411987304688,83.875701904297,0.9788972735405
21,13,60.052978515625,167.86456298828,49.798889160156,92.410949707031,0.77417147159576
21,14,191.62599182129,137.08111572266,56.038452148438,124.08085632324,0.97889977693558
21,15,29.944366455078,148.8518371582,44.499938964844,78.847122192383,0.97889786958694
21,16,315.86401367188,186.67767333984,45.339019775391,91.870529174805,0.97889792919159
21,17,43.40950012207,151.84860229492,51.268646240234,94.496017456055,0.77373266220093
21,18,111.23165893555,218.39123535156,40.291870117188,67.838073730469,0.97606807947159
21,19,601.15594482422,125.63780212402,41.029693603516,74.335479736328,0.97886645793915
22,1,318.75936889648,175.25524902344,32.778930664062,97.828964233398,0.77374732494354
22,2,138.56532287598,178.234375,26.289642333984,65.517929077148,0.97886389493942
22,3,285.12469482422,131.04214477539,24.261688232422,60.694763183594,0.97889614105225
22,4,547.29278564453,182.1100769043,31.208618164062,86.21614074707,0.97888571023941
22,5,341.798828125,216.66532897949,38.912353515625,117.44241333008,0.77374792098999
22,6,512.47607421875,184.05096435547,31.079284667969,86.240036010742,0.95458269119263
22,7,344.43444824219,157.65356445312,26.178405761719,79.583068847656,0.77374696731567
22,8,155.86404418945,168.35466003418,33.297058105469,79.290252685547,0.9788646697998
22,9,98.698959350586,207.24523925781,34.499114990234,85.089797973633,0.97889804840088
22,10,682.72473144531,204.56410217285,31.289123535156,79.308959960938,0.97889810800552
22,12,-0.63377380371094,213.39613342285,35.356231689453,80.498138427734,0.97887426614761
22,13,68.335021972656,173.86010742188,39.794372558594,79.02751159668,0.95164370536804
22,14,195.41036987305,135.87936401367,48.696472167969,121.19729614258,0.97889477014542
22,15,38.254730224609,150.96382141113,32.457763671875,70.037078857422,0.97889810800552
22,16,323.06817626953,179.62957763672,34.955841064453,105.01780700684,0.77429991960526
22,17,49.121215820312,160.94354248047,39.962890625,74.979553222656,0.95155882835388
22,18,120.31640625,215.53985595703,29.813049316406,75.651550292969,0.97863173484802
22,19,605.49700927734,124.6109085083,27.663940429688,72.29020690918,0.97885930538177
22,20,264.39428710938,121.03224945068,23.828186035156,58.018905639648,0.56268388032913
23,1,318.77548217773,170.08868408203,33.423522949219,106.12817382812,0.59298658370972
23,2,143.64283752441,178.81449890137,28.445159912109,65.258239746094,0.97889512777328
23,3,286.29244995117,128.64259338379,27.045715332031,63.221343994141,0.97886967658997
23,4,548.67645263672,184.02713012695,33.283172607422,78.822998046875,0.97889703512192
23,5,341.92742919922,222.47357177734,39.207366943359,104.7953338623,0.95156753063202
23,6,513.40515136719,180.05348205566,35.70654296875,89.727813720703,0.97669476270676
23,7,343.33834838867,152.69340515137,27.005432128906,87.361419677734,0.59150147438049
23,8,160.65690612793,165.7829284668,35.693237304688,82.420700073242,0.97889190912247
23,9,100.76382446289,209.99536132812,36.417175292969,84.336715698242,0.97882342338562
23,10,688.44738769531,208.81944274902,30.163757324219,66.451385498047,0.97884774208069
23,11,327.85693359375,154.34255981445,66.274200439453,154.39222717285,0.80459010601044
23,12,3.57373046875,217.49705505371,35.711547851562,78.076751708984,0.97889602184296
23,13,75.126098632812,177.779296875,36.337524414062,72.090805053711,0.97641354799271
23,14,198.49127197266,136.96606445312,51.703033447266,118.68403625488,0.9788978099823
23,15,42.605010986328,155.36378479004,30.92431640625,61.833831787109,0.97886192798615
23,16,322.98199462891,174.74795532227,35.436645507812,113.30680847168,0.59210294485092
23,17,52.800384521484,166.34385681152,34.980163574219,66.188842773438,0.97637337446213
23,18,120.03437805176,208.8092956543,33.779266357422,82.319213867188,0.97887718677521
23,19,606.38696289062,125.01304626465,30.3271484375,70.299346923828,0.97884261608124
23,20,269.83285522461,120.38446807861,25.842468261719,58.633865356445,0.88984495401382
24,1,323.83502197266,182.95944213867,34.028350830078,89.808731079102,0.90154141187668
24,2,148.30136108398,180.29351806641,30.456237792969,65.104293823242,0.97882652282715
24,3,286.35134887695,126.53922271729,29.395141601562,63.887588500977,0.97889053821564
24,4,548.27728271484,185.33016967773,34.056793212891,75.528121948242,0.97889798879623
24,5,340.05715942383,227.0262298584,42.171508789062,98.861236572266,0.9763617515564
24,6,514.60308837891,182.49893188477,36.269287109375,79.398880004883,0.97870719432831
24,7,349.90826416016,161.78475952148,28.174072265625,75.010116577148,0.90120792388916
24,8,164.04875183105,165.60307312012,38.131988525391,83.730712890625,0.9788898229599
24,9,99.18913269043,206.58923339844,38.838775634766,94.20930480957,0.77429455518723
24,10,692.61853027344,212.54975891113,29.495544433594,63.374298095703,0.97884792089462
24,11,324.11059570312,147.90505981445,70.128814697266,156.71685791016,0.62400877475739
24,12,4.1803588867188,219.6257019043,36.936401367188,77.987106323242,0.97889792919159
24,13,84.806976318359,172.47360229492,37.6494140625,81.188552856445,0.97868663072586
24,14,196.48954772949,142.36148071289,51.874359130859,110.74949645996,0.97885805368423
24,15,46.856262207031,155.97625732422,31.659606933594,64.292434692383,0.978895008564
24,17,55.795104980469,170.90563964844,32.374755859375,61.706848144531,0.97859781980515
24,18,118.60453796387,207.0234375,36.911987304688,83.810363769531,0.97889232635498
24,19,608.03887939453,126.72473144531,31.743011474609,68.574188232422,0.97889333963394
24,20,287.06579589844,123.47581481934,27.777587890625,58.195922851562,0.96966516971588
25,1,330.03350830078,190.44415283203,36.053344726562,83.268569946289,0.97107416391373
25,2,154.65794372559,180.89495849609,29.989288330078,64.72314453125,0.97887325286865
25,3,299.83169555664,127.16185760498,28.643127441406,59.944046020508,0.97889745235443
25,4,546.10211181641,179.1927947998,35.898315429688,85.238800048828,0.97883093357086
25,5,341.44470214844,228.60903930664,42.516357421875,98.142105102539,0.97867822647095
25,6,516.05755615234,183.41165161133,34.486541748047,75.135604858398,0.97877496480942
25,7,354.42718505859,177.28903198242,28.435821533203,61.593643188477,0.97093766927719
25,8,168.35899353027,166.25592041016,36.824493408203,78.520324707031,0.978819668293
25,9,112.16487121582,219.45913696289,34.141265869141,73.795059204102,0.95166748762131
25,10,698.24334716797,216.56378173828,28.682342529297,61.721328735352,0.97889375686646
25,12,5.8589324951172,217.77157592773,37.146636962891,82.597412109375,0.97885727882385
25,13,96.55061340332,168.74658203125,38.346038818359,83.723648071289,0.97887098789215
25,14,197.6883392334,150.82711791992,48.290313720703,101.11030578613,0.97888779640198
25,15,28.545867919922,160.67277526855,30.725524902344,64.469451904297,0.97880828380585
25,16,221.87565612793,188.26747131348,30.4765625,65.656982421875,0.80427533388138
25,17,59.955444335938,173.60385131836,29.880126953125,59.682235717773,0.97884029150009
25,18,119.82057189941,208.80458068848,35.872619628906,78.866241455078,0.97884547710419
25,19,610.56494140625,126.11190795898,32.715148925781,72.306732177734,0.97889769077301
25,20,293.62109375,124.64766693115,28.742340087891,58.162887573242,0.97807145118713
26,1,334.88479614258,192.38586425781,36.730285644531,82.708755493164,0.97810792922974
26,2,158.64685058594,181.0018157959,30.718994140625,68.560119628906,0.97889596223831
26,3,302.79306030273,125.54332733154,28.075561523438,58.215866088867,0.9788955450058
26,4,544.73419189453,174.91003417969,37.614013671875,88.648132324219,0.97889232635498
26,5,341.37854003906,230.81579589844,42.468505859375,97.504592895508,0.97887915372849
26,6,515.17993164062,176.60823059082,35.892028808594,85.428314208984,0.97886025905609
26,7,353.41076660156,180.30969238281,31.446441650391,75.836975097656,0.97820037603378
26,8,170.07524108887,167.24737548828,35.684783935547,76.558288574219,0.97876220941544
26,9,117.95007324219,220.39993286133,33.268249511719,75.062377929688,0.75321727991104
26,10,698.93762207031,213.61706542969,32.858276367188,81.272705078125,0.97889775037766
26,11,180.86305236816,182.02665710449,36.098236083984,66.128875732422,0.82533740997314
26,12,8.4387817382812,219.90594482422,37.887573242188,83.861831665039,0.97889459133148
26,13,103.85440063477,166.14880371094,40.378723144531,89.598388671875,0.97889578342438
26,14,197.45429992676,150.85241699219,47.707366943359,104.37998962402,0.7739189863205
26,15,8.4670104980469,168.37203979492,29.683410644531,63.896926879883,0.97886651754379
26,16,222.93013000488,184.9513092041,33.222076416016,72.792999267578,0.95701670646667
26,17,61.336715698242,164.27935791016,32.211700439453,72.145462036133,0.9788082242012
26,18,121.8667755127,213.61859130859,33.772399902344,72.400039672852,0.97883796691895
26,19,611.32330322266,122.67039489746,33.350219726562,73.71142578125,0.97884911298752
26,20,291.84582519531,123.04529571533,28.337036132812,62.848770141602,0.77317321300507
27,1,341.87576293945,173.65608215332,43.115173339844,107.28091430664,0.97881162166595
27,2,158.32078552246,176.05381774902,30.355102539062,65.460601806641,0.9788938164711
27,3,301.7692565918,125.15928649902,27.465393066406,57.713317871094,0.97889786958694
27,4,546.57971191406,179.74110412598,36.658508300781,77.672302246094,0.97889763116837
27,5,340.66796875,213.33338928223,48.044403076172,119.31625366211,0.97889649868011
27,6,515.26965332031,174.36582946777,37.129699707031,87.669860839844,0.77372026443481
27,7,365.88629150391,176.31230163574,34.915649414062,80.937164306641,0.97883784770966
27,8,169.41082763672,166.35838317871,35.596313476562,81.711364746094,0.77364861965179
27,9,116.09713745117,218.44366455078,32.608154296875,84.335754394531,0.57054883241653
27,10,706.99145507812,223.42083740234,32.600830078125,67.401672363281,0.97887551784515
27,11,177.87178039551,183.33941650391,31.314056396484,64.122421264648,0.96062153577805
27,12,12.887710571289,222.38984680176,38.319671630859,84.206878662109,0.97878819704056
27,13,111.15405273438,167.47085571289,40.2119140625,85.650375366211,0.97885572910309
27,14,193.8431854248,156.2131652832,46.8251953125,99.848281860352,0.95154428482056
27,15,1.3007354736328,171.0824432373,29.785736083984,64.005828857422,0.97889286279678
27,16,227.57641601562,184.04779052734,33.927520751953,75.521224975586,0.97690957784653
27,17,65.602233886719,161.91174316406,31.364379882812,63.71891784668,0.97884607315063
27,18,125.90606689453,212.26013183594,34.941711425781,80.118896484375,0.97884821891785
27,19,610.77612304688,121.00785064697,34.191711425781,73.108901977539,0.97889387607574
27,20,297.06243896484,130.6583404541,28.2470703125,58.464233398438,0.95145040750504
28,1,344.77755737305,182.65905761719,42.367370605469,90.618591308594,0.97878706455231
28,2,156.66262817383,173.16592407227,28.485687255859,60.379516601562,0.97883450984955
28,3,301.31457519531,123.21175384521,27.522491455078,60.447738647461,0.77407115697861
28,4,547.88372802734,181.18467712402,34.8955078125,74.442016601562,0.97887790203094
28,5,343.376953125,222.51234436035,44.682952880859,93.716461181641,0.97883605957031
28,6,516.42932128906,175.86502075195,36.416320800781,82.803955078125,0.9513932466507
28,7,369.11996459961,182.4501953125,35.472717285156,76.512802124023,0.97889292240143
28,8,178.1148223877,175.39892578125,33.853546142578,73.574584960938,0.95154362916946
28,10,712.58544921875,222.10290527344,35.086639404297,81.323715209961,0.97889614105225
28,11,175.82595825195,185.7410736084,29.290496826172,59.795806884766,0.97720390558243
28,12,15.715454101562,223.05154418945,38.219360351562,84.190536499023,0.9788870215416
28,13,117.38092041016,167.57876586914,38.953979492188,83.682373046875,0.97885066270828
28,14,191.65148925781,157.55708312988,46.325378417969,102.70260620117,0.75312149524689
28,15,-2.1843872070312,172.32086181641,29.980346679688,64.609741210938,0.97889763116837
28,16,232.92671203613,188.22216796875,33.29052734375,71.32958984375,0.97872591018677
28,17,71.430313110352,159.9778137207,29.294158935547,59.978927612305,0.97889363765717
28,18,126.68336486816,211.19990539551,36.373138427734,82.941589355469,0.97888445854187
28,19,612.77734375,124.47026824951,33.282409667969,68.867385864258,0.97885233163834
28,20,303.93316650391,135.37663269043,27.720581054688,57.747192382812,0.97639495134354
29,1,352.29455566406,193.88421630859,39.163482666016,82.863174438477,0.97886490821838
29,2,158.53356933594,168.04107666016,29.196411132812,67.278457641602,0.9788926243782
29,3,306.02798461914,122.66562652588,27.0693359375,58.744613647461,0.95155692100525
29,4,547.31945800781,177.73448181152,34.721282958984,78.955474853516,0.97887885570526
29,5,343.50430297852,218.86416625977,45.692077636719,108.50553894043,0.97887152433395
29,6,517.66345214844,171.72938537598,37.522277832031,87.047943115234,0.97638946771622
29,7,370.18078613281,188.91955566406,35.361968994141,80.139907836914,0.97874420881271
29,8,190.77627563477,184.10064697266,32.448669433594,66.073364257812,0.9764039516449
29,9,410.46600341797,160.39364624023,31.747772216797,70.003723144531,0.78963023424149
29,10,714.64440917969,221.65679931641,35.604034423828,83.559875488281,0.77469235658646
29,11,178.29470825195,185.42794799805,29.295837402344,62.905212402344,0.97874402999878
29,12,19.323684692383,223.44314575195,38.289947509766,84.231246948242,0.97889715433121
29,13,125.46726989746,165.54739379883,38.580230712891,83.64973449707,0.97889399528503
29,14,190.05087280273,155.55735778809,46.557922363281,109.03076171875,0.57042628526688
29,15,-2.0398559570312,172.47491455078,31.667724609375,69.457183837891,0.97884351015091
29,16,238.56381225586,188.33267211914,33.502685546875,74.541137695312,0.97882455587387
29,17,73.177520751953,150.58419799805,34.036010742188,83.270050048828,0.97877961397171
29,18,129.96801757812,216.25094604492,35.945922851562,78.411376953125,0.97889691591263
29,19,615.07849121094,130.34643554688,31.029724121094,63.032577514648,0.97886914014816
29,20,304.74710083008,134.92346191406,27.534484863281,61.308349609375,0.77191287279129
30,1,356.84213256836,198.10673522949,37.661315917969,82.182952880859,0.97884327173233
30,2,158.29959106445,164.40078735352,29.954345703125,75.267715454102,0.77379214763641
30,3,312.95336914062,120.72001647949,27.152496337891,57.880859375,0.97639572620392
30,4,546.98101806641,176.00790405273,35.338897705078,80.304183959961,0.97888767719269
30,5,346.88998413086,228.6399230957,40.273986816406,81.511657714844,0.97889578342438
30,6,518.58587646484,168.90371704102,38.566070556641,88.738983154297,0.978650867939
30,7,371.57482910156,192.32557678223,35.773254394531,81.191436767578,0.97888481616974
30,8,192.45239257812,185.57725524902,30.87841796875,64.280670166016,0.97862422466278
30,9,425.50244140625,149.79634094238,29.488983154297,60.923370361328,0.95454502105713
30,10,716.93212890625,220.82055664062,34.933898925781,80.710891723633,0.59247213602066
30,11,167.90594482422,195.39251708984,30.117126464844,67.746673583984,0.97887057065964
30,12,23.079849243164,227.61618041992,36.966339111328,79.248886108398,0.97889804840088
30,13,129.94291687012,157.23538208008,42.666015625,101.22714233398,0.97889775037766
30,14,195.65832519531,164.37536621094,42.61181640625,90.202178955078,0.89299046993256
30,15,0.45307922363281,173.67501831055,32.790069580078,70.853790283203,0.97889339923859
30,16,244.3675994873,188.3532409668,33.872039794922,75.608489990234,0.97880792617798
30,17,76.066711425781,149.83361816406,38.464965820312,90.66374206543,0.97888785600662
30,18,134.74887084961,222.07290649414,33.915954589844,72.231750488281,0.97889775037766
30,19,616.74694824219,131.54064941406,29.703308105469,61.355285644531,0.978859603405
30,20,303.71817016602,133.85595703125,27.715637207031,65.106246948242,0.58967924118042
31,1,359.11920166016,197.04821777344,45.604339599609,88.415878295898,0.97887337207794
31,2,135.18927001953,156.60913085938,38.713134765625,71.472869873047,0.95151835680008
31,3,314.26098632812,115.30448913574,36.853820800781,61.706878662109,0.97867560386658
31,4,547.30102539062,172.34378051758,43.761535644531,87.815368652344,0.97889721393585
31,5,348.34704589844,229.79629516602,43.602844238281,74.510208129883,0.97882050275803
31,6,520.84588623047,164.80418395996,46.941162109375,96.697479248047,0.97886723279953
31,7,372.70184326172,190.93203735352,44.508270263672,88.038330078125,0.97889697551727
31,8,189.20599365234,184.76985168457,38.800170898438,64.069305419922,0.97881871461868
31,9,419.65405273438,140.47267150879,46.820526123047,77.630462646484,0.75560581684113
31,11,158.28550720215,198.22254943848,42.506561279297,82.819854736328,0.97889572381973
31,12,18.972869873047,225.17210388184,45.61328125,82.324371337891,0.97889810800552
31,13,129.984375,150.84606933594,53.5439453125,112.77180480957,0.97883951663971
31,14,195.54815673828,149.03634643555,55.150482177734,116.29162597656,0.97001957893372
31,15,-1.5469055175781,173.81958007812,41.039367675781,66.394058227539,0.97887217998505
31,16,244.36672973633,184.74276733398,42.981140136719,81.016616821289,0.97889029979706
31,17,74.124603271484,150.46630859375,46.386474609375,86.164428710938,0.97889721393585
31,18,133.07731628418,217.40356445312,43.444976806641,79.867248535156,0.97887724637985
31,19,620.388671875,128.66836547852,38.138854980469,67.260604858398,0.97882503271103
32,1,364.6047668457,198.79942321777,33.562683105469,86.480590820312,0.97889596223831
32,2,136.8946685791,156.53689575195,27.069152832031,71.705871582031,0.97640150785446
32,3,320.93939208984,114.02157592773,24.1630859375,60.546478271484,0.97887891530991
32,4,547.58056640625,167.12939453125,32.770324707031,91.971008300781,0.97887074947357
32,5,347.86950683594,220.21545410156,35.408233642578,100.0746307373,0.97889143228531
32,6,524.67358398438,163.98161315918,35.374938964844,94.339599609375,0.97889542579651
32,7,376.93069458008,192.61717224121,32.75244140625,86.317108154297,0.97889798879623
32,8,194.15815734863,186.21746826172,25.371032714844,61.79833984375,0.97881662845612
32,9,419.59689331055,132.41258239746,40.737121582031,88.925323486328,0.57301414012909
32,10,637.73022460938,132.24354553223,25.638000488281,63.900299072266,0.80429607629776
32,11,159.55122375488,196.71112060547,32.016693115234,97.123916625977,0.77374625205994
32,12,27.394485473633,228.14996337891,33.363983154297,75.983154296875,0.97884225845337
32,13,126.32382202148,154.64093017578,38.828186035156,83.358047485352,0.97889304161072
32,14,202.67764282227,149.42044067383,46.719390869141,112.80366516113,0.97811847925186
32,15,8.0909881591797,176.22256469727,28.747222900391,62.312423706055,0.9788721203804
32,16,251.67581176758,184.69400024414,31.336730957031,79.555908203125,0.97886961698532
32,17,79.472808837891,151.30882263184,37.570068359375,90.619842529297,0.97888082265854
32,18,139.65396118164,214.45471191406,33.37548828125,84.841751098633,0.97888588905334
32,19,621.95056152344,125.05472564697,25.409545898438,70.460678100586,0.97889178991318
32,20,309.49102783203,131.89204406738,34.514709472656,67.333068847656,0.80257314443588
33,1,364.80291748047,199.52752685547,36.81005859375,89.806365966797,0.9788972735405
33,2,130.95880126953,153.40669250488,29.142578125,66.330810546875,0.97868168354034
33,3,320.50915527344,111.16408538818,26.239166259766,65.357528686523,0.7741037607193
33,4,545.91412353516,165.1083984375,37.0673828125,91.438110351562,0.97885537147522
33,5,345.1643371582,220.57116699219,41.585815429688,107.33000183105,0.97889751195908
33,6,525.22888183594,166.44857788086,37.025817871094,85.82585144043,0.97886967658997
33,7,379.43365478516,194.67407226562,35.166046142578,83.921096801758,0.97889810800552
33,8,197.59210205078,186.49397277832,27.224792480469,63.778045654297,0.97889107465744
33,9,421.595703125,148.88592529297,36.038208007812,67.388153076172,0.89395397901535
33,10,642.17883300781,131.84254455566,26.220153808594,63.267547607422,0.95707142353058
33,11,157.37869262695,176.41973876953,39.113403320312,113.44456481934,0.95156145095825
33,12,31.450729370117,222.2758026123,36.594451904297,87.502044677734,0.9788932800293
33,13,118.92674255371,151.8671875,37.316619873047,84.443664550781,0.77374428510666
33,14,208.29727172852,166.29299926758,42.788391113281,85.895919799805,0.97883075475693
33,15,12.956817626953,176.21075439453,29.760986328125,64.270462036133,0.97889584302902
33,16,256.13952636719,187.93934631348,33.254638671875,77.423400878906,0.97881609201431
33,17,83.454711914062,156.59970092773,37.968078613281,81.039276123047,0.9788966178894
33,18,142.09671020508,214.60137939453,35.7177734375,84.393737792969,0.97890162467957
33,19,620.01586914062,126.3090057373,29.227661132812,70.013641357422,0.97889757156372
33,20,320.08850097656,131.13496398926,32.195556640625,64.059906005859,0.95684504508972
34,1,363.37893676758,197.68499755859,38.991394042969,95.786636352539,0.77430230379105
34,2,121.53549194336,156.23411560059,29.452209472656,61.372161865234,0.97887521982193
34,3,316.86486816406,108.09225463867,27.838592529297,72.297668457031,0.59196990728378
34,4,546.9482421875,168.41429138184,38.068450927734,84.195098876953,0.97886896133423
34,5,343.28997802734,223.99694824219,45.655181884766,106.96507263184,0.97888261079788
34,6,523.79022216797,168.17515563965,37.419555664062,82.298614501953,0.97889566421509
34,7,380.14608764648,201.09344482422,35.69482421875,77.802093505859,0.97889810800552
34,8,201.84609985352,188.16491699219,29.538330078125,64.599090576172,0.97889751195908
34,9,425.21203613281,164.48388671875,31.310424804688,58.690719604492,0.97001188993454
34,10,642.90502929688,131.70559692383,29.670715332031,66.48551940918,0.97693032026291
34,11,151.78407287598,165.49871826172,45.410491943359,125.6552734375,0.75359445810318
34,12,34.328506469727,224.93719482422,39.322723388672,86.451522827148,0.97889769077301
34,13,135.87214660645,161.80558776855,34.332733154297,67.275909423828,0.95156109333038
34,14,215.59452819824,176.56950378418,39.444488525391,77.891693115234,0.97889232635498
34,15,16.320739746094,175.01138305664,32.716430664062,69.865112304688,0.97889792919159
34,16,261.70361328125,191.63818359375,34.978424072266,76.715881347656,0.97888922691345
34,17,87.752136230469,161.66918945312,37.041870117188,73.133239746094,0.97889798879623
34,18,144.77767944336,220.31549072266,36.663238525391,79.213485717773,0.97889131307602
34,19,619.32067871094,133.02200317383,30.177429199219,64.061965942383,0.9788122177124
34,20,328.68612670898,132.68096923828,30.643920898438,60.406539916992,0.97690898180008
35,1,363.25375366211,195.84259033203,38.068176269531,100.33065795898,0.59241890907288
35,2,123.48518371582,158.18661499023,28.144989013672,59.301071166992,0.97889614105225
35,4,549.06640625,170.04156494141,37.163513183594,81.517562866211,0.97889560461044
35,5,342.21401977539,225.83206176758,46.199523925781,106.8754119873,0.9788646697998
35,6,524.5986328125,173.25019836426,35.524353027344,76.348175048828,0.97886836528778
35,7,380.95916748047,203.14582824707,35.445831298828,80.387725830078,0.97889810800552
35,8,207.09344482422,191.85893249512,28.507507324219,60.375305175781,0.97889804840088
35,9,428.99957275391,170.03410339355,29.425689697266,61.241363525391,0.97812157869339
35,10,643.73614501953,133.2419128418,30.944732666016,67.283737182617,0.97872769832611
35,11,158.65496826172,169.55847167969,41.803771972656,101.98487854004,0.94751662015915
35,12,37.650451660156,225.07885742188,40.092346191406,90.344970703125,0.9787979722023
35,13,161.39315795898,163.6385345459,33.760009765625,68.791717529297,0.97640562057495
35,14,224.49562072754,183.04461669922,35.712066650391,71.888244628906,0.97889763116837
35,15,22.655853271484,178.15969848633,32.129638671875,66.878784179688,0.97888106107712
35,16,268.92242431641,193.42266845703,34.634857177734,76.169479370117,0.97889131307602
35,17,89.891632080078,161.62442016602,36.889526367188,80.556289672852,0.97889810800552
35,18,149.5217590332,221.447265625,36.478820800781,82.049606323242,0.97883284091949
35,19,620.10534667969,136.14700317383,29.400970458984,61.835006713867,0.97879338264465
35,20,336.02182006836,128.47476196289,28.656677246094,58.123718261719,0.97869288921356
36,2,126.87948608398,157.68807983398,27.921447753906,59.004928588867,0.97887766361237
36,3,461.89920043945,134.86489868164,25.523010253906,57.001602172852,0.80373650789261
36,4,550.58117675781,169.41751098633,36.468200683594,81.162628173828,0.97889786958694
36,5,342.34140014648,226.35095214844,46.057189941406,106.54389953613,0.97886222600937
36,6,526.53302001953,176.21871948242,33.104370117188,69.958740234375,0.97887676954269
36,7,381.86566162109,203.23799133301,35.699157714844,81.637786865234,0.97889810800552
36,8,210.51791381836,192.99926757812,28.339813232422,62.622375488281,0.97883021831512
36,9,431.20263671875,171.16966247559,31.187713623047,70.807952880859,0.97879278659821
36,10,646.13708496094,134.49363708496,29.872009277344,63.174987792969,0.97888439893723
36,11,173.4157409668,170.83306884766,39.3564453125,82.39323425293,0.97593027353287
36,12,41.807800292969,230.1555480957,38.366088867188,81.179016113281,0.97888946533203
36,13,173.29306030273,160.52389526367,35.354919433594,75.34846496582,0.97868204116821
36,14,229.19961547852,182.06175231934,36.184875488281,79.229888916016,0.97884523868561
36,15,26.785522460938,179.51278686523,31.443176269531,65.151062011719,0.97889912128448
36,16,273.84942626953,192.90591430664,35.496368408203,80.733551025391,0.97886699438095
36,17,91.250640869141,166.0368347168,36.681884765625,78.018371582031,0.97889810800552
36,18,152.32012939453,221.95697021484,36.848937988281,83.1318359375,0.97886496782303
36,19,621.42779541016,133.66619873047,29.787506103516,65.975708007812,0.97888904809952
36,20,340.42724609375,128.96566772461,27.872497558594,57.960083007812,0.97888040542603
37,2,131.98332214355,156.14193725586,29.022918701172,62.919250488281,0.97889631986618
37,3,461.59399414062,133.40606689453,25.770751953125,59.174499511719,0.62249249219894
37,4,553.72180175781,169.76083374023,36.934265136719,80.454360961914,0.97889810800552
37,5,342.49758911133,226.93460083008,46.649047851562,106.34289550781,0.978895008564
37,6,525.89794921875,171.98712158203,33.223297119141,72.336730957031,0.97889119386673
37,7,386.77865600586,201.26849365234,37.7666015625,87.345733642578,0.97889810800552
37,8,215.98999023438,194.21992492676,28.756042480469,63.594970703125,0.97879904508591
37,9,438.01666259766,174.60289001465,33.517120361328,73.684783935547,0.97888821363449
37,10,647.16174316406,133.62397766113,30.815246582031,65.331024169922,0.97888243198395
37,11,168.99415588379,188.82235717773,37.173248291016,77.309799194336,0.97861546278
37,12,47.616760253906,232.07136535645,36.515930175781,77.701934814453,0.97889733314514
37,13,180.09896850586,159.50378417969,36.996765136719,80.99186706543,0.97887945175171
37,14,234.18058776855,183.56512451172,36.312530517578,77.264785766602,0.97881823778152
37,15,31.925369262695,180.89764404297,30.014923095703,61.268142700195,0.97889816761017
37,16,278.42248535156,198.67900085449,34.301147460938,72.610778808594,0.97889542579651
37,17,95.55632019043,166.60485839844,37.584136962891,81.578491210938,0.97889280319214
37,18,151.21151733398,226.29130554199,35.935119628906,78.124298095703,0.97881406545639
37,19,623.19757080078,133.08178710938,32.239593505859,71.143310546875,0.97882026433945
37,20,347.24945068359,133.8948059082,27.673614501953,57.274612426758,0.97889870405197
38,1,20.064758300781,250.07061767578,52.653747558594,130.58215332031,0.6668319106102
38,2,138.4811706543,158.12089538574,28.859802246094,60.302520751953,0.97879946231842
38,4,555.87860107422,169.43003845215,36.96875,80.623474121094,0.97888618707657
38,5,342.33517456055,226.91806030273,46.814331054688,106.42510986328,0.9788978099823
38,6,524.68682861328,164.55393981934,34.442016601562,78.717803955078,0.97884947061539
38,7,393.0260925293,199.93464660645,39.204040527344,89.606903076172,0.97888535261154
38,8,220.05688476562,194.49160766602,28.839599609375,63.681533813477,0.97886824607849
38,9,445.8420715332,176.08688354492,34.146911621094,74.361373901367,0.97890222072601
38,10,646.67614746094,132.93173217773,31.116271972656,66.753997802734,0.97889673709869
38,11,165.53952026367,198.67498779297,35.563415527344,80.78889465332,0.77354127168655
38,12,52.268783569336,234.73733520508,34.373931884766,72.900497436523,0.97889804840088
38,13,185.85411071777,162.56379699707,36.198120117188,77.624969482422,0.97884523868561
38,14,239.10427856445,182.50164794922,36.414611816406,80.779724121094,0.97883278131485
38,15,37.193695068359,180.92234802246,28.804016113281,59.802368164062,0.97886925935745
38,16,281.72430419922,196.22602844238,34.741668701172,79.068878173828,0.97887444496155
38,17,99.671234130859,170.14105224609,36.975891113281,78.302062988281,0.97889763116837
38,18,151.8184967041,225.21002197266,35.788421630859,81.472717285156,0.97886449098587
38,19,624.50054931641,133.82046508789,33.6865234375,73.081466674805,0.97889137268066
38,20,353.45239257812,134.92698669434,27.468841552734,57.445526123047,0.97889816761017
39,1,27.599090576172,259.79791259766,53.609069824219,114.28442382812,0.92588710784912
39,2,144.87800598145,154.20755004883,30.240478515625,67.405349731445,0.9788790345192
39,3,467.8473815918,133.69206237793,25.908203125,58.406402587891,0.82416707277298
39,4,557.30920410156,171.19259643555,35.280487060547,75.744522094727,0.97883987426758
39,5,342.26712036133,226.89199829102,46.659484863281,106.53096008301,0.97883170843124
39,6,523.90393066406,163.04034423828,34.019989013672,75.588577270508,0.97889620065689
39,7,407.48043823242,213.81776428223,35.18994140625,70.377624511719,0.97889697551727
39,8,232.99041748047,191.50302124023,31.119659423828,72.960342407227,0.97879010438919
39,9,454.16656494141,178.14392089844,32.64599609375,70.116806030273,0.97889846563339
39,10,646.59503173828,133.00570678711,30.997436523438,66.900039672852,0.97887623310089
39,11,165.69677734375,196.25358581543,35.818908691406,88.189147949219,0.59228658676147
39,12,52.758117675781,232.74572753906,36.866516113281,86.455017089844,0.97889810800552
39,13,191.51547241211,163.75579833984,35.305786132812,76.281646728516,0.97889351844788
39,14,239.72639465332,183.91363525391,36.619598388672,82.364059448242,0.97889244556427
39,15,43.160736083984,180.66026306152,28.539001464844,59.87744140625,0.97884738445282
39,16,287.48080444336,194.64096069336,35.776306152344,82.128814697266,0.9788960814476
39,17,103.97299194336,175.73681640625,35.062866210938,72.285263061523,0.97889804840088
39,18,154.13539123535,223.03991699219,37.801940917969,88.917358398438,0.9788960814476
39,19,625.16809082031,134.47923278809,33.653747558594,73.319427490234,0.97889852523804
39,20,354.38421630859,133.56390380859,27.479675292969,60.045364379883,0.77406281232834
40,1,37.314727783203,262.14202880859,51.16162109375,109.3307800293,0.97374188899994
40,2,150.60321044922,151.79200744629,31.393371582031,69.950469970703,0.97889643907547
40,3,474.9342956543,132.73080444336,26.495788574219,57.04963684082,0.96043539047241
40,4,557.3828125,165.35797119141,36.535949707031,84.733291625977,0.97889310121536
40,5,342.52743530273,226.96743774414,46.472778320312,106.4248046875,0.97889238595963
40,6,523.5283203125,162.5029296875,33.414855957031,74.156127929688,0.97889411449432
40,7,420.83447265625,216.86468505859,32.537536621094,68.047225952148,0.97889798879623
40,8,239.85250854492,191.06967163086,33.039611816406,75.635513305664,0.97888880968094
40,9,460.4765625,175.45306396484,33.811950683594,77.852691650391,0.97889816761017
40,10,646.04309082031,134.53112792969,29.952941894531,62.592544555664,0.97889620065689
40,12,51.707122802734,231.24137878418,37.851623535156,97.583831787109,0.77374792098999
40,13,198.86785888672,151.12800598145,42.071411132812,106.45233154297,0.97889769077301
40,14,245.3938293457,186.89807128906,36.724792480469,82.384689331055,0.97877925634384
40,15,46.034561157227,181.64068603516,28.153045654297,59.62239074707,0.97889375686646
40,16,295.0559387207,197.61581420898,35.207275390625,77.310928344727,0.97889792919159
40,17,108.40145874023,171.37287902832,35.839294433594,80.086151123047,0.97885835170746
40,18,156.93754577637,226.65422058105,37.848236083984,85.087677001953,0.97889792919159
40,19,626.296875,136.92764282227,32.508453369141,68.676330566406,0.97883945703506
40,20,353.24810791016,132.7331237793,27.340057373047,62.911315917969,0.59190171957016
41,1,41.711715698242,260.32275390625,56.519256591797,109.53421020508,0.97834676504135
41,2,152.83456420898,152.82762145996,39.550140380859,66.078704833984,0.97889792919159
41,3,482.51229858398,129.43411254883,35.957824707031,61.753387451172,0.97723072767258
41,4,562.12548828125,166.12710571289,41.192596435547,75.766830444336,0.97883129119873
41,5,344.38446044922,222.9411315918,54.006500244141,115.04566955566,0.97889763116837
41,6,525.20324707031,159.08081054688,41.883483886719,80.646789550781,0.97889775037766
41,7,425.19540405273,209.79467773438,42.73779296875,83.543197631836,0.97885531187057
41,8,239.18589782715,190.70628356934,41.423187255859,76.477264404297,0.9788972735405
41,9,467.5283203125,174.1746673584,43.445709228516,87.002075195312,0.97886836528778
41,10,661.23046875,130.87347412109,37.522033691406,64.20426940918,0.97885638475418
41,11,52.603363037109,172.39096069336,37.935729980469,65.994018554688,0.80439853668213
41,12,49.297317504883,230.08976745605,46.580841064453,94.017425537109,0.95136421918869
41,13,202.65863037109,153.88716125488,48.536743164062,96.961486816406,0.97889804840088
41,14,251.24655151367,182.0302734375,45.731323242188,88.532257080078,0.97877568006516
41,15,40.08674621582,169.35646057129,47.490325927734,84.544250488281,0.77427983283997
41,16,299.87661743164,197.18981933594,43.515197753906,81.779098510742,0.97889810800552
41,17,107.99356079102,173.17993164062,43.800659179688,77.927185058594,0.97889465093613
41,18,156.56120300293,223.89562988281,46.351593017578,89.456237792969,0.97889810800552
41,19,631.38366699219,132.99313354492,41.59375,78.792083740234,0.97889304161072
41,20,360.59451293945,132.98603820801,36.725158691406,63.735534667969,0.90121585130692
42,1,59.217987060547,258.19692993164,47.284240722656,111.01800537109,0.97885048389435
42,2,166.65921020508,155.44390869141,26.813537597656,61.846572875977,0.97889810800552
42,3,492.47897338867,127.00321960449,22.807922363281,60.830139160156,0.97871631383896
42,4,562.529296875,155.97700500488,30.473693847656,87.616546630859,0.97886925935745
42,5,348.99496459961,223.17352294922,43.606201171875,112.07609558105,0.97886258363724
42,6,526.80249023438,155.69697570801,29.125061035156,79.018615722656,0.97889804840088
42,7,431.18481445312,205.62783813477,32.890563964844,91.970184326172,0.97886776924133
42,8,247.60276794434,194.17349243164,27.968536376953,69.21012878418,0.97888320684433
42,9,480.66796875,177.32098388672,31.042877197266,81.235000610352,0.97886681556702
42,10,668.80505371094,126.02456665039,23.245910644531,61.459106445312,0.97888398170471
42,11,58.129150390625,172.8512878418,28.294494628906,71.049438476562,0.95706647634506
42,12,57.78076171875,231.60876464844,37.301940917969,94.0908203125,0.97639262676239
42,13,215.77597045898,157.58381652832,36.782287597656,87.450408935547,0.9788990020752
42,14,265.34997558594,183.81964111328,33.637878417969,81.763717651367,0.9788875579834
42,15,42.225891113281,160.7982635498,43.045532226562,102.21960449219,0.59208256006241
42,16,311.04602050781,196.07969665527,32.638702392578,84.740356445312,0.97889810800552
42,17,117.52864074707,175.06295776367,32.885223388672,78.091812133789,0.97885435819626
42,18,163.22241210938,226.35246276855,35.125244140625,87.228118896484,0.97889810800552
42,19,634.20422363281,131.20805358887,29.080627441406,78.456665039062,0.97889769077301
42,20,374.26898193359,135.5013885498,23.980621337891,61.11083984375,0.97101575136185
43,1,72.075317382812,259.11834716797,46.603759765625,103.21199035645,0.97888493537903
43,2,175.16287231445,154.49827575684,28.732971191406,63.866821289062,0.97885930538177
43,3,498.10198974609,126.93585968018,25.635009765625,59.291427612305,0.97882068157196
43,4,560.33264160156,159.09928894043,33.449401855469,80.198577880859,0.97889560461044
43,5,353.20065307617,230.8044128418,42.814208984375,96.924438476562,0.97889506816864
43,6,526.68591308594,158.294921875,29.853332519531,67.957275390625,0.97887587547302
43,7,430.91668701172,211.50004577637,35.564544677734,85.894683837891,0.97889548540115
43,8,250.25433349609,190.97146606445,32.003295898438,79.222854614258,0.97885197401047
43,9,487.49667358398,175.70529174805,35.903076171875,88.139053344727,0.97889542579651
43,10,667.03094482422,122.77418518066,25.779144287109,62.433074951172,0.7740341424942
43,11,62.314361572266,175.55267333984,31.266235351562,71.127136230469,0.97692984342575
43,12,63.739227294922,238.81590270996,38.536437988281,87.055938720703,0.97868090867996
43,13,217.74801635742,154.59210205078,38.177764892578,92.488815307617,0.77374857664108
43,14,272.60684204102,184.75875854492,35.6455078125,82.703369140625,0.97889721393585
43,16,317.87252807617,196.46850585938,35.438171386719,84.084854125977,0.97890287637711
43,17,121.82751464844,176.28369140625,34.554016113281,77.385192871094,0.9788943529129
43,18,163.60154724121,227.5774230957,36.278411865234,84.573791503906,0.97886079549789
43,19,633.04376220703,131.46273803711,32.389038085938,76.500061035156,0.97888273000717
43,20,381.37362670898,137.8899230957,26.394409179688,59.391845703125,0.97821253538132
44,1,77.782470703125,257.39657592773,48.18408203125,107.21325683594,0.97889697551727
44,2,179.6768951416,151.84820556641,31.722747802734,69.013977050781,0.97889477014542
44,3,483.00173950195,124.56980895996,26.715454101562,57.428497314453,0.97888147830963
44,4,559.01940917969,163.58569335938,34.348693847656,75.240249633789,0.97889786958694
44,5,352.04922485352,228.09164428711,44.720153808594,103.55696105957,0.97886234521866
44,6,524.24847412109,156.08786010742,31.746337890625,72.291625976562,0.97889620065689
44,7,428.81689453125,216.73612976074,36.655242919922,82.710540771484,0.97889786958694
44,8,251.47978210449,194.70495605469,34.744354248047,77.955581665039,0.97889411449432
44,9,492.31701660156,181.11605834961,37.92431640625,84.175872802734,0.97886449098587
44,10,655.25549316406,130.02691650391,27.337371826172,61.713119506836,0.95160949230194
44,11,65.254180908203,177.81053161621,33.658020019531,71.367523193359,0.978670835495
44,12,63.390747070312,237.32968139648,40.270629882812,96.148193359375,0.77358913421631
44,13,221.21365356445,156.32151794434,39.645629882812,92.222198486328,0.95130127668381
44,14,276.24520874023,189.52984619141,36.436950683594,78.34587097168,0.97887843847275
44,15,174.02032470703,234.74017333984,36.892944335938,82.393676757812,0.80427026748657
44,16,320.88665771484,197.65812683105,37.293609619141,83.151916503906,0.97889852523804
44,17,124.64859008789,177.9538269043,36.140319824219,77.182144165039,0.9788978099823
44,18,160.87088012695,231.72518920898,37.664886474609,83.910278320312,0.97889488935471
44,19,628.21557617188,136.22148132324,31.754638671875,65.742492675781,0.97889679670334
44,20,384.49182128906,138.48715209961,27.753326416016,58.286315917969,0.97884088754654
45,1,86.569717407227,257.57864379883,48.041656494141,108.74913024902,0.97889798879623
45,2,185.3000793457,152.16706848145,31.069274902344,65.797698974609,0.9788978099823
45,3,468.19412231445,125.17315673828,25.362121582031,56.574890136719,0.97883808612823
45,4,559.30877685547,166.85507202148,32.712554931641,69.915588378906,0.97889810800552
45,5,356.10552978516,252.18890380859,37.267517089844,70.994995117188,0.978895008564
45,6,523.11804199219,154.9108581543,32.227996826172,74.58024597168,0.77391165494919
45,7,431.51974487305,217.21157836914,37.433898925781,87.73046875,0.97889810800552
45,8,258.14157104492,201.24380493164,32.353942871094,67.330978393555,0.97889119386673
45,9,500.38873291016,188.96315002441,36.128082275391,76.725006103516,0.97889769077301
45,10,646.44885253906,139.28125,28.522277832031,65.183975219727,0.97641026973724
45,11,71.272659301758,180.51591491699,32.174713134766,66.785064697266,0.97888290882111
45,12,67.380218505859,252.17347717285,34.684448242188,74.420318603516,0.95142877101898
45,13,223.17832946777,154.99909973145,40.593200683594,96.305572509766,0.75363826751709
45,14,282.91052246094,192.96664428711,35.066101074219,76.116516113281,0.97889637947083
45,15,177.35739135742,235.58969116211,35.718872070312,84.37760925293,0.95710599422455
45,16,326.15759277344,203.5544128418,35.676452636719,77.670104980469,0.97889810800552
45,17,131.53503417969,178.84906005859,35.584350585938,76.951293945312,0.97889804840088
45,18,164.89189147949,234.17947387695,37.054229736328,83.438583374023,0.97881108522415
45,19,622.7392578125,140.80415344238,29.61474609375,61.842254638672,0.97889304161072
45,20,387.86047363281,140.05191040039,27.019256591797,57.613540649414,0.97886121273041
46,1,97.662124633789,259.71969604492,46.709442138672,101.81018066406,0.97882562875748
46,2,190.45976257324,152.2785949707,30.275482177734,64.171142578125,0.97889804840088
46,3,464.22305297852,124.78280639648,25.05419921875,56.330505371094,0.97889292240143
46,4,559.82775878906,163.67292785645,32.305480957031,72.575653076172,0.97889810800552
46,5,362.13177490234,266.24432373047,30.655822753906,58.955596923828,0.9788978099823
46,6,523.17651367188,153.12350463867,32.140686035156,75.489120483398,0.59170907735825
46,7,435.48458862305,221.63972473145,37.063720703125,83.564178466797,0.9788766503334
46,8,264.72720336914,202.66537475586,30.245483398438,64.198745727539,0.9788966178894
46,9,506.66668701172,186.62832641602,37.139923095703,85.66520690918,0.97889804840088
46,10,645.48449707031,139.75033569336,29.683349609375,65.704864501953,0.77215671539307
46,11,76.042984008789,180.12249755859,32.140045166016,69.228530883789,0.97885555028915
46,12,69.946533203125,252.69300842285,34.895141601562,79.363922119141,0.97633373737335
46,13,221.24481201172,153.09861755371,40.483703613281,102.65762329102,0.57141149044037
46,14,290.00299072266,193.89305114746,34.489624023438,75.783447265625,0.97889798879623
46,15,180.57183837891,237.44062805176,36.479125976562,84.230010986328,0.97692328691483
46,16,322.64456176758,195.88491821289,32.96826171875,70.977447509766,0.97889810800552
46,17,137.36911010742,183.61546325684,34.3486328125,72.043609619141,0.97882175445557
46,18,168.98382568359,233.92196655273,37.075317382812,83.253463745117,0.97887980937958
46,19,618.58740234375,138.83723449707,29.458526611328,65.766571044922,0.97887235879898
46,20,391.95544433594,141.15264892578,26.576599121094,57.342208862305,0.97889494895935
47,1,107.28533935547,259.24124145508,45.547790527344,99.933044433594,0.97889161109924
47,2,194.63970947266,155.72787475586,29.057006835938,59.98095703125,0.97889810800552
47,3,452.94598388672,122.52928161621,25.798095703125,56.032196044922,0.97889769077301
47,4,558.12133789062,157.43563842773,35.891174316406,84.191421508789,0.97889810800552
47,5,358.90789794922,244.71214294434,36.159881591797,93.349517822266,0.97885876893997
47,6,521.24670410156,149.96145629883,34.066314697266,79.088684082031,0.90128588676453
47,7,436.00268554688,222.73260498047,36.867828369141,81.452499389648,0.97889626026154
47,8,266.43469238281,201.25048828125,29.528594970703,68.207580566406,0.77379286289215
47,9,514.1689453125,188.96197509766,36.569458007812,77.737503051758,0.97889810800552
47,10,643.78088378906,143.49049377441,31.194274902344,66.007019042969,0.9512528181076
47,11,79.803009033203,183.27450561523,30.580932617188,62.279434204102,0.97889441251755
47,12,70.056793212891,249.47491455078,37.783020019531,89.563232421875,0.97867578268051
47,13,234.21154785156,152.81701660156,44.982360839844,113.76806640625,0.89326858520508
47,14,292.79754638672,191.9084777832,34.399536132812,75.450393676758,0.97889810800552
47,15,180.27899169922,238.6676940918,36.892150878906,83.443298339844,0.97871422767639
47,16,313.29522705078,190.64306640625,32.33251953125,73.700241088867,0.97882413864136
47,17,141.84828186035,180.79779052734,34.416870117188,74.986328125,0.97887110710144
47,18,169.53688049316,232.36093139648,36.891143798828,89.170532226562,0.77373462915421
47,19,614.21862792969,137.97259521484,30.737091064453,66.421005249023,0.97889590263367
47,20,394.67272949219,141.69818115234,26.834747314453,56.938461303711,0.97889453172684
48,1,115.05653381348,256.16799926758,44.441619873047,99.413391113281,0.97889751195908
48,2,197.13598632812,157.79849243164,27.951904296875,58.526779174805,0.97882229089737
48,3,443.66638183594,121.47122192383,25.880187988281,56.438171386719,0.97889804840088
48,4,557.86877441406,155.75503540039,37.014801025391,82.168151855469,0.97889810800552
48,5,354.96343994141,224.4189453125,43.266265869141,112.1683807373,0.9788926243782
48,6,505.55746459961,142.57202148438,30.780822753906,62.543685913086,0.97104412317276
48,7,440.41546630859,224.18797302246,36.353759765625,81.540740966797,0.97881358861923
48,8,272.78973388672,205.04309082031,28.545867919922,65.102890014648,0.95152354240417
48,9,520.75531005859,189.67282104492,36.361694335938,79.493637084961,0.97887694835663
48,10,644.28125,148.01174926758,31.548583984375,66.783935546875,0.97633564472198
48,11,84.509704589844,182.74392700195,29.804260253906,63.537811279297,0.97882443666458
48,12,70.909164428711,250.00399780273,39.366180419922,91.297592163086,0.97885477542877
48,13,240.42002868652,150.89181518555,48.467498779297,119.50752258301,0.70588898658752
48,14,297.46170043945,191.25936889648,35.216613769531,80.465957641602,0.97890102863312
48,15,177.9987487793,237.09506225586,38.016998291016,88.945999145508,0.97888225317001
48,16,313.27127075195,189.12533569336,33.546325683594,79.810562133789,0.9788681268692
48,17,146.30085754395,184.77890014648,32.543487548828,67.464736938477,0.97889578342438
48,18,169.06024169922,230.67074584961,35.336486816406,96.293655395508,0.59238094091415
48,19,606.02001953125,137.27575683594,31.012512207031,66.802780151367,0.97888565063477
48,20,397.27978515625,140.35473632812,26.718475341797,57.07878112793,0.9788978099823
49,1,121.22964477539,256.80996704102,42.95556640625,93.990295410156,0.97889804840088
49,2,199.8101348877,158.43092346191,27.490173339844,58.470916748047,0.97882533073425
49,3,440.09973144531,121.04941558838,25.764923095703,56.397933959961,0.97885459661484
49,4,557.82904052734,154.21139526367,36.478881835938,80.763549804688,0.97886461019516
49,5,352.95779418945,215.64782714844,47.504455566406,116.15965270996,0.9787991642952
49,6,490.51812744141,133.7028503418,26.627990722656,57.057907104492,0.9782098531723
49,7,445.78741455078,225.67251586914,35.969055175781,81.386306762695,0.97889083623886
49,8,280.73376464844,203.92367553711,29.800811767578,68.010070800781,0.9763298034668
49,9,504.23272705078,200.67291259766,35.776031494141,80.292068481445,0.97889626026154
49,10,643.78796386719,151.60189819336,31.186096191406,66.828186035156,0.97867596149445
49,11,87.729522705078,179.98043823242,30.919616699219,69.001693725586,0.97884857654572
49,12,70.634704589844,249.10015869141,41.622680664062,97.210739135742,0.97888523340225
49,13,239.28167724609,149.85844421387,47.990966796875,124.76953125,0.52223551273346
49,14,300.83166503906,186.31188964844,31.720672607422,64.361587524414,0.9788983464241
49,15,180.01968383789,238.86074829102,37.520568847656,85.117233276367,0.9788430929184
49,16,314.32495117188,189.84086608887,35.378295898438,81.888824462891,0.97888618707657
49,17,154.29119873047,184.38946533203,29.913940429688,60.771865844727,0.97889792919159
49,19,597.78973388672,135.12120056152,31.413055419922,71.435638427734,0.97881591320038
49,20,399.64709472656,139.02813720703,27.344329833984,61.03076171875,0.97889804840088
