1,1,701.24279785156,458.37634277344,81.125671386719,136.73934936523,0.86110895872116
1,2,751.37292480469,449.17092895508,80.898498535156,136.68182373047,0.86113375425339
1,3,206.72415161133,461.53433227539,59.374206542969,68.735778808594,0.86110895872116
1,4,968.66052246094,443.22332763672,104.41540527344,207.14309692383,0.86081832647324
1,5,267.46453857422,462.19094848633,55.630981445312,61.00244140625,0.86088025569916
1,6,449.43728637695,465.20202636719,65.611877441406,93.011993408203,0.86111056804657
1,7,1279.0577392578,454.71954345703,93.957702636719,184.29306030273,0.86110895872116
1,8,917.11926269531,485.25082397461,65.062072753906,96.244812011719,0.86101931333542
2,1,713.09130859375,457.34039306641,44.536193847656,135.57800292969,0.96591883897781
2,2,760.21899414062,448.02624511719,43.99609375,135.39526367188,0.96583729982376
2,3,217.6545715332,459.71270751953,23.431335449219,74.371551513672,0.96591883897781
2,4,977.25280761719,434.94757080078,74.239074707031,218.1975402832,0.96587872505188
2,5,276.69918823242,462.47644042969,18.492736816406,64.399017333984,0.96588730812073
2,6,458.57803344727,451.33001708984,28.43798828125,121.0153503418,0.67666792869568
2,7,1292.5548095703,436.18731689453,56.616455078125,210.52795410156,0.67662876844406
2,8,928.20251464844,484.22360229492,25.726501464844,97.432678222656,0.96590650081635
2,10,654.52209472656,465.24450683594,52.817443847656,82.086090087891,0.738196849823
3,1,714.46398925781,459.03466796875,50.422546386719,130.94082641602,0.97774654626846
3,2,763.05993652344,455.6008605957,48.207336425781,123.08306884766,0.97770571708679
3,3,219.04159545898,460.79626464844,28.574768066406,72.941436767578,0.97774881124496
3,4,989.38677978516,454.11682128906,70.405883789062,161.91030883789,0.97773045301437
3,5,278.83325195312,463.15252685547,23.3876953125,61.881408691406,0.97766798734665
3,6,409.75531005859,473.33233642578,34.177978515625,120.6008605957,0.92887771129608
3,8,928.80322265625,487.02163696289,32.364440917969,93.308166503906,0.97770500183105
3,10,658.18994140625,459.58215332031,44.880615234375,92.178619384766,0.94406872987747
4,1,713.41223144531,464.38583374023,53.403503417969,121.42791748047,0.97871506214142
4,2,762.330078125,461.72036743164,51.88525390625,118.52508544922,0.97878897190094
4,3,215.73709106445,463.63079833984,33.945373535156,72.391510009766,0.97878581285477
4,4,998.66662597656,459.02606201172,66.655090332031,141.81607055664,0.97879713773727
4,5,275.7424621582,463.44345092773,29.669372558594,64.943115234375,0.9787917137146
4,6,416.34262084961,491.17529296875,42.065490722656,104.9397277832,0.97405505180359
4,7,817.01672363281,356.56262207031,33.406799316406,55.105926513672,0.85620623826981
4,8,925.48010253906,490.91058349609,37.566589355469,90.781005859375,0.97879368066788
4,10,651.79565429688,447.447265625,45.187805175781,114.06628417969,0.74726629257202
5,1,714.44287109375,455.92364501953,54.57080078125,133.35745239258,0.97885811328888
5,2,763.35052490234,464.54534912109,49.97265625,117.11575317383,0.97888869047165
5,3,216.69256591797,464.56399536133,32.311279296875,71.730346679688,0.97888839244843
5,4,1003.9124755859,462.44848632812,58.941223144531,130.86404418945,0.97888940572739
5,5,276.56015014648,464.24481201172,28.658630371094,65.384948730469,0.97884184122086
5,6,430.95434570312,479.70202636719,44.397583007812,118.58630371094,0.77018797397614
5,7,813.87725830078,357.54760742188,37.322021484375,57.022186279297,0.67179638147354
5,8,925.24365234375,491.37921142578,36.333984375,89.426422119141,0.97885358333588
5,9,984.16082763672,528.15905761719,40.820068359375,85.573059082031,0.50837773084641
5,10,651.37902832031,443.54150390625,40.552062988281,127.05850219727,0.56472158432007
6,1,713.57983398438,457.96240234375,53.611938476562,129.82846069336,0.97888779640198
6,2,764.91784667969,459.75469970703,50.391418457031,124.1044921875,0.9788972735405
6,3,217.10552978516,465.84393310547,31.023193359375,70.833221435547,0.9788818359375
6,4,1006.7384033203,454.1962890625,61.992492675781,154.91918945312,0.97885030508041
6,5,276.05914306641,468.86599731445,26.755859375,60.797729492188,0.9788932800293
6,6,444.28778076172,485.70672607422,36.819702148438,94.845794677734,0.95086789131165
6,7,815.27471923828,352.00900268555,34.345581054688,69.529479980469,0.9275107383728
6,8,923.732421875,489.51165771484,34.767272949219,88.871704101562,0.97887003421783
6,10,682.32220458984,469.15338134766,37.928344726562,107.1953125,0.890684902668
7,1,714.01342773438,462.50366210938,53.619934082031,127.04214477539,0.978884100914
7,2,765.97521972656,460.24139404297,52.170349121094,126.35140991211,0.97889804840088
7,3,218.57791137695,469.58142089844,28.642272949219,62.812561035156,0.97889667749405
7,4,1014.5512084961,492.68609619141,56.691528320312,120.60998535156,0.97886592149734
7,5,274.60845947266,467.19360351562,24.980102539062,74.254913330078,0.77374446392059
7,6,452.04901123047,480.89532470703,36.1669921875,99.923919677734,0.75259560346603
7,7,818.81909179688,353.56777954102,33.0029296875,68.437255859375,0.97395235300064
7,8,922.51947021484,489.31979370117,35.07421875,88.315979003906,0.97880852222443
7,9,1283.6770019531,451.224609375,71.401428222656,189.04989624023,0.7446848154068
7,10,689.15441894531,478.17532348633,37.243896484375,82.049255371094,0.96976989507675
8,1,716.03198242188,463.51580810547,53.264465332031,127.17178344727,0.97886747121811
8,2,762.83856201172,467.41381835938,50.377807617188,118.83059692383,0.97884124517441
8,3,217.51156616211,467.89410400391,27.668273925781,63.896606445312,0.97889798879623
8,4,1022.3952636719,523.80340576172,48.5224609375,99.623870849609,0.97880053520203
8,5,272.51513671875,463.38177490234,20.109130859375,91.938507080078,0.59153938293457
8,6,459.18853759766,482.83972167969,33.258178710938,94.908416748047,0.94710832834244
8,7,820.30737304688,351.06372070312,32.852233886719,72.300567626953,0.97846275568008
8,8,920.66033935547,488.70288085938,34.988403320312,88.453033447266,0.9788903594017
8,9,1276.1729736328,453.67324829102,75.714294433594,181.23419189453,0.94546073675156
8,10,671.60620117188,464.03381347656,36.909362792969,92.677368164062,0.97809737920761
9,1,719.12396240234,463.87005615234,52.95947265625,127.06884765625,0.97889548540115
9,2,763.09924316406,466.23675537109,50.758361816406,124.22744750977,0.97889322042465
9,3,216.88244628906,466.51495361328,27.796630859375,65.124237060547,0.97889810800552
9,4,1020.7966918945,482.63208007812,61.333129882812,169.42263793945,0.97887068986893
9,6,468.11654663086,484.56869506836,34.525390625,85.746154785156,0.97594112157822
9,7,820.56567382812,353.47573852539,31.32861328125,68.83935546875,0.9788299202919
9,8,919.92846679688,488.47869873047,34.726867675781,88.603271484375,0.97888326644897
9,9,1276.1706542969,454.69372558594,75.690734863281,178.72445678711,0.9757639169693
9,10,663.22937011719,455.96649169922,37.0966796875,96.553680419922,0.97882890701294
10,1,720.82189941406,464.14910888672,52.611328125,127.04830932617,0.97889786958694
10,2,765.22790527344,464.41616821289,51.255249023438,126.43780517578,0.97889769077301
10,3,216.97900390625,466.45864868164,27.358520507812,64.977661132812,0.97890281677246
10,4,1023.2810058594,457.94271850586,71.952880859375,193.07012939453,0.97889572381973
10,6,467.24807739258,481.38677978516,35.498107910156,89.360443115234,0.97864151000977
10,7,820.13812255859,352.10687255859,28.750854492188,74.826629638672,0.77384722232819
10,8,922.69012451172,488.66943359375,34.436401367188,88.524932861328,0.97882676124573
10,9,1280.8482666016,449.45581054688,73.423400878906,177.5696105957,0.97862607240677
10,10,661.55981445312,464.09765625,33.855651855469,81.100921630859,0.97882169485092
10,11,783.88018798828,511.04666137695,1.9267578125,76.465881347656,0.73661923408508
11,1,718.32891845703,478.94827270508,71.963989257812,108.92230224609,0.97889810800552
11,2,759.83190917969,458.93682861328,77.776916503906,136.00796508789,0.97889804840088
11,3,200.68017578125,461.92007446289,57.5009765625,66.926940917969,0.97889852523804
11,4,1024.1010742188,446.27844238281,99.197875976562,211.58862304688,0.97889786958694
11,5,639.48999023438,512.86547851562,54.385559082031,61.836456298828,0.66647547483444
11,6,458.2907409668,472.38412475586,66.066467285156,101.13104248047,0.97887599468231
11,7,800.43676757812,330.92718505859,85.844421386719,114.81024169922,0.59164363145828
11,8,919.95715332031,485.26989746094,61.858337402344,95.363616943359,0.97887861728668
11,9,1264.5708007812,434.22418212891,117.73431396484,201.67834472656,0.77387356758118
11,10,653.56567382812,463.23284912109,60.441772460938,81.819519042969,0.97889149188995
11,11,755.18273925781,516.46496582031,37.782531738281,67.665832519531,0.94384217262268
12,1,733.4609375,484.51602172852,32.433349609375,104.71881103516,0.97889810800552
12,2,772.50927734375,457.4794921875,41.920166015625,135.53854370117,0.97887313365936
12,3,211.74798583984,459.70776367188,21.198608398438,69.996887207031,0.97883099317551
12,4,1035.2393798828,452.73077392578,64.050537109375,194.78958129883,0.97889810800552
12,5,682.00720214844,502.1545715332,22.406494140625,88.598449707031,0.92598992586136
12,6,479.28421020508,490.27551269531,23.98046875,76.270233154297,0.97881209850311
12,8,930.03002929688,481.94409179688,23.529541015625,97.337921142578,0.97888195514679
12,9,1265.8088378906,416.23187255859,98.153686523438,224.81643676758,0.59230005741119
12,10,663.65625,462.37939453125,21.713073730469,82.431976318359,0.97889751195908
12,11,745.68707275391,501.68072509766,6.6614990234375,88.984954833984,0.97563177347183
13,1,731.61932373047,470.64892578125,43.302490234375,122.77319335938,0.97888016700745
13,2,774.74877929688,454.45648193359,51.408447265625,138.8918762207,0.97889596223831
13,3,213.60330200195,461.13494873047,26.184631347656,67.346069335938,0.97878414392471
13,4,1035.6459960938,444.02893066406,78.064025878906,208.31387329102,0.97885513305664
13,5,689.93920898438,490.31512451172,28.187805175781,110.92004394531,0.73272502422333
13,6,489.97018432617,504.30529785156,25.707275390625,62.957000732422,0.97889071702957
13,7,811.45428466797,338.10739135742,54.601318359375,91.352722167969,0.80412030220032
13,8,929.72430419922,482.67306518555,31.489013671875,93.352844238281,0.97889673709869
13,10,663.96508789062,463.90942382812,27.832580566406,78.895233154297,0.97887015342712
13,11,739.89013671875,486.61529541016,17.342651367188,111.19967651367,0.77135127782822
14,1,724.61376953125,465.51080322266,51.747192382812,127.90628051758,0.97887277603149
14,2,771.70025634766,455.11688232422,58.351196289062,139.60684204102,0.97887712717056
14,3,210.39691162109,463.83532714844,31.516235351562,66.687286376953,0.97888827323914
14,4,1035.4279785156,444.68060302734,84.794067382812,202.35388183594,0.97889441251755
14,5,687.00061035156,483.67864990234,26.364807128906,128.97756958008,0.54931354522705
14,6,485.27026367188,496.58480834961,31.818298339844,73.525817871094,0.97889745235443
14,7,814.98937988281,350.7883605957,43.369201660156,71.697692871094,0.95697826147079
14,8,925.79772949219,485.70037841797,37.179443359375,90.855682373047,0.97889798879623
14,9,1611.6584472656,428.54791259766,73.531127929688,165.50561523438,0.80420291423798
14,10,660.28881835938,467.07949829102,33.075439453125,77.120483398438,0.97889566421509
14,11,736.15270996094,478.88674926758,15.853454589844,130.23126220703,0.58936947584152
15,1,722.77416992188,465.28778076172,52.206481933594,127.63952636719,0.97889935970306
15,2,775.46838378906,461.27789306641,55.918395996094,130.65637207031,0.97889584302902
15,3,211.53100585938,464.71984863281,29.816528320312,65.869293212891,0.9788972735405
15,4,1037.9787597656,447.41284179688,83.708374023438,197.57473754883,0.9788978099823
15,6,481.5224609375,484.95547485352,33.64208984375,86.727844238281,0.97883367538452
15,7,817.15234375,353.02389526367,35.165466308594,68.986877441406,0.97683614492416
15,8,925.08544921875,487.87701416016,36.151977539062,89.462646484375,0.97889810800552
15,9,1611.8073730469,420.03674316406,71.294067382812,176.02603149414,0.95691668987274
15,10,660.298828125,468.92510986328,31.731872558594,76.011199951172,0.97889786958694
16,1,721.36206054688,473.31323242188,47.827453613281,112.7721862793,0.97889822721481
16,2,779.19927978516,468.71301269531,51.72265625,119.76858520508,0.97889792919159
16,3,210.58111572266,463.09020996094,29.588500976562,69.220825195312,0.97889804840088
16,4,1041.3470458984,441.46054077148,85.577453613281,208.63604736328,0.97882461547852
16,6,480.34042358398,477.72192382812,36.358093261719,95.824188232422,0.97885257005692
16,7,819.72583007812,354.33697509766,32.042419433594,67.486297607422,0.97871953248978
16,8,925.95678710938,488.14111328125,34.773986816406,88.8701171875,0.97889810800552
16,9,1611.7254638672,427.13641357422,67.8203125,157.58386230469,0.97691571712494
16,10,662.78161621094,469.7744140625,30.378356933594,75.343719482422,0.9788943529129
17,1,720.49566650391,474.57012939453,47.3046875,114.23623657227,0.97881507873535
17,2,782.34924316406,464.02990722656,52.00537109375,124.22171020508,0.97890174388885
17,3,209.86251831055,464.05838012695,30.000427246094,70.701965332031,0.97885990142822
17,4,1045.6496582031,439.64892578125,88.655883789062,211.44644165039,0.97889178991318
17,6,481.04379272461,475.00469970703,38.694946289062,98.329254150391,0.97889417409897
17,7,819.32934570312,352.94299316406,31.820739746094,73.700592041016,0.77361738681793
17,8,927.28234863281,488.72772216797,35.345825195312,88.299102783203,0.97890186309814
17,9,1614.1387939453,429.16268920898,65.910461425781,150.33660888672,0.77258306741714
17,10,663.88854980469,470.26141357422,30.5556640625,74.969268798828,0.97884339094162
18,1,718.57995605469,473.76098632812,47.564208984375,116.12826538086,0.97889095544815
18,2,786.43640136719,494.26092529297,40.653869628906,79.742919921875,0.97889840602875
18,3,208.5788269043,466.18795776367,28.890686035156,66.509094238281,0.97889482975006
18,4,1046.3594970703,439.37042236328,89.648681640625,211.83877563477,0.97889757156372
18,6,479.38885498047,477.13922119141,37.796325683594,92.791259765625,0.97889775037766
18,7,820.15222167969,354.69052124023,29.227844238281,69.712829589844,0.95153647661209
18,8,926.53253173828,488.45501708984,35.270629882812,88.442657470703,0.97889840602875
18,9,1616.3314208984,426.54089355469,63.027648925781,148.71377563477,0.59040302038193
18,10,662.27813720703,470.01754760742,30.236694335938,75.062927246094,0.97889339923859
19,1,715.50152587891,473.72137451172,47.823364257812,116.27493286133,0.97887748479843
19,2,790.90124511719,516.94122314453,31.06884765625,60.209747314453,0.97889810800552
19,3,209.60443115234,468.20309448242,28.569458007812,65.422485351562,0.97883123159409
19,4,1046.3073730469,432.46633911133,93.239807128906,226.02227783203,0.97887390851974
19,6,481.29806518555,475.03143310547,38.890625,96.754119873047,0.97889804840088
19,7,821.23303222656,355.16925048828,28.666442871094,67.712890625,0.97640323638916
19,8,926.41387939453,488.36996459961,34.903198242188,88.567687988281,0.97889810800552
19,10,661.87677001953,469.86437988281,30.005981445312,75.193542480469,0.97885739803314
19,11,1278.8760986328,445.96517944336,53.238830566406,180.97894287109,0.51848590373993
20,1,712.89514160156,473.94052124023,47.369934082031,116.37933349609,0.97889631986618
20,2,828.91314697266,511.32562255859,34.091064453125,87.261688232422,0.97889810800552
20,3,209.46398925781,469.76962280273,27.733154296875,65.068115234375,0.97888851165771
20,4,1046.9721679688,429.95825195312,95.526428222656,230.59689331055,0.97889602184296
20,5,717.96032714844,466.07144165039,48.600036621094,112.35809326172,0.50388550758362
20,6,485.29162597656,476.95318603516,38.19091796875,92.676666259766,0.97889810800552
20,7,821.86291503906,354.98388671875,28.522338867188,67.504577636719,0.97868186235428
20,8,927.01086425781,488.41394042969,34.435546875,88.4326171875,0.97885853052139
20,10,659.65087890625,459.53646850586,33.570373535156,91.337707519531,0.97889459133148
20,11,1279.74609375,450.01824951172,63.662231445312,179.50427246094,0.86997753381729
21,1,705.08740234375,468.96990966797,74.107666015625,124.66891479492,0.97887420654297
21,2,812.63470458984,515.62878417969,56.69287109375,75.356781005859,0.97879767417908
21,3,193.88208007812,465.89324951172,57.779907226562,67.019073486328,0.97885537147522
21,4,1050.5091552734,433.06164550781,111.46612548828,224.89013671875,0.97890257835388
21,5,713.91668701172,460.77410888672,75.089599609375,123.20126342773,0.86306011676788
21,6,474.10180664062,461.89007568359,70.856689453125,116.04312133789,0.97889810800552
21,7,814.33422851562,348.29522705078,58.200012207031,76.557342529297,0.97882902622223
21,8,922.83850097656,484.97534179688,61.802124023438,95.296142578125,0.97889471054077
21,10,650.00091552734,451.32015991211,64.010375976562,101.79949951172,0.97890114784241
21,11,1282.8674316406,445.83877563477,90.971130371094,193.83416748047,0.96701645851135
22,1,714.35437011719,464.87902832031,39.685729980469,132.45983886719,0.978888630867
22,2,812.25744628906,516.26770019531,14.370239257812,71.425079345703,0.97885149717331
22,3,204.71075439453,459.61932373047,22.497680664062,74.336273193359,0.9788544178009
22,4,1056.2069091797,426.32162475586,81.112609863281,234.55963134766,0.97888213396072
22,5,727.42755126953,456.68731689453,40.724487304688,132.14498901367,0.96618700027466
22,6,483.49185180664,443.95080566406,35.234436035156,147.18240356445,0.77374792098999
22,7,821.37896728516,344.30084228516,20.799194335938,79.941436767578,0.97889214754105
22,8,931.3984375,481.76049804688,23.384460449219,97.285400390625,0.9788978099823
22,10,659.49279785156,435.41781616211,26.15625,128.1552734375,0.7738733291626
22,11,1290.0233154297,445.93377685547,57.475830078125,189.45956420898,0.97784835100174
23,1,715.11950683594,466.11004638672,48.248229980469,130.64974975586,0.9788972735405
23,2,806.95458984375,514.97943115234,21.321472167969,71.078125,0.97888070344925
23,3,205.63876342773,458.08941650391,28.108703613281,73.106811523438,0.9788943529129
23,4,1057.9321289062,425.15063476562,91.970886230469,235.21398925781,0.97889673709869
23,5,730.68731689453,458.05709838867,48.909545898438,130.57879638672,0.97777318954468
23,6,487.59869384766,464.6015625,31.727844238281,103.74508666992,0.95156174898148
23,7,818.71234130859,336.66891479492,26.461791992188,92.741638183594,0.77374356985092
23,8,930.40393066406,482.54095458984,31.368957519531,93.30908203125,0.97889804840088
23,10,659.72052001953,423.97143554688,26.105102539062,148.90509033203,0.5917067527771
23,11,1289.5275878906,439.0231628418,66.2177734375,196.82879638672,0.77365279197693
24,1,711.83660888672,469.32495117188,54.490600585938,129.04934692383,0.97889804840088
24,2,798.26416015625,489.80337524414,36.208190917969,104.97320556641,0.9788966178894
24,3,201.93057250977,459.7658996582,33.735046386719,72.592346191406,0.97889775037766
24,4,1059.2362060547,427.58288574219,98.821350097656,233.00888061523,0.97889798879623
24,5,728.58996582031,461.30639648438,54.85205078125,128.98062133789,0.97875452041626
24,6,482.85922241211,465.02856445312,37.555419921875,109.01480102539,0.75313520431519
24,7,811.65905761719,329.89315795898,28.042114257812,108.43273925781,0.59176582098007
24,8,926.11157226562,485.6162109375,37.106811523438,90.837799072266,0.97889810800552
24,11,1288.3189697266,432.16247558594,66.390869140625,205.37109375,0.59144634008408
25,1,711.70928955078,471.24945068359,53.524047851562,127.97317504883,0.97887790203094
25,2,794.16284179688,472.33428955078,44.131591796875,123.5485534668,0.97889798879623
25,3,200.07940673828,454.63745117188,32.163940429688,90.131378173828,0.77401840686798
25,4,1059.7358398438,429.70901489258,98.701538085938,232.19659423828,0.97889810800552
25,5,729.05285644531,463.25061035156,53.714538574219,127.86599731445,0.97881323099136
25,6,483.12506103516,464.98974609375,36.968627929688,110.70446777344,0.94727319478989
25,8,925.22839355469,487.83148193359,36.13134765625,89.458404541016,0.97889810800552
25,10,662.234375,458.2626953125,17.412048339844,93.694488525391,0.80435210466385
26,1,712.41967773438,471.84576416016,52.389953613281,127.3186340332,0.97889637947083
26,2,793.83898925781,467.48083496094,47.365966796875,126.556640625,0.97888344526291
26,3,197.42993164062,450.16003417969,27.884887695312,110.09265136719,0.59191590547562
26,4,1066.6889648438,436.32949829102,94.400817871094,217.79315185547,0.97887450456619
26,5,730.04431152344,463.83679199219,52.511413574219,127.22219848633,0.97881072759628
26,6,484.59756469727,462.09527587891,38.061096191406,120.96017456055,0.75019949674606
26,8,925.76116943359,490.22555541992,34.79833984375,88.846984863281,0.97889810800552
26,10,668.53308105469,477.04681396484,23.104736328125,66.633026123047,0.95715230703354
27,1,713.69995117188,469.50512695312,50.712829589844,135.70300292969,0.77412259578705
27,2,794.27087402344,465.98016357422,49.891235351562,126.90347290039,0.97889685630798
27,4,1073.2353515625,432.56103515625,96.7958984375,226.51736450195,0.9788960814476
27,5,731.32250976562,464.45727539062,53.019104003906,126.86233520508,0.97889059782028
27,6,483.65347290039,458.58309936523,33.674926757812,136.05474853516,0.56743866205215
27,8,928.25708007812,489.36047363281,32.817993164062,94.913818359375,0.77381879091263
27,10,667.99182128906,473.41448974609,27.783508300781,73.355377197266,0.97686743736267
28,1,713.66101074219,471.98278808594,48.259338378906,130.18991088867,0.95157641172409
28,2,796.21527099609,494.83544921875,40.007690429688,84.337860107422,0.97885173559189
28,4,1075.6579589844,429.98080444336,98.148315429688,230.80145263672,0.97889792919159
28,5,730.77777099609,464.21197509766,52.868041992188,126.94540405273,0.97883361577988
28,6,488.83346557617,477.22116088867,27.864074707031,98.378967285156,0.8917960524559
28,8,927.92639160156,492.0227355957,30.688354492188,90.861877441406,0.95149779319763
28,10,667.57073974609,471.15710449219,29.120971679688,74.722198486328,0.97872221469879
28,11,1292.3465576172,447.84106445312,50.243347167969,167.96572875977,0.56280469894409
29,1,718.54772949219,475.56625366211,48.887329101562,119.80853271484,0.97640711069107
29,2,798.65130615234,502.34118652344,33.689086914062,82.155151367188,0.77373415231705
29,4,1082.3548583984,435.9494934082,98.598388671875,231.06488037109,0.97884124517441
29,5,752.06298828125,465.85836791992,53.191101074219,127.45599365234,0.9788413643837
29,6,493.23233032227,478.49743652344,33.53271484375,90.487915039062,0.96986788511276
29,8,927.67956542969,491.63122558594,32.937927246094,88.715362548828,0.97639954090118
29,10,667.00341796875,470.43267822266,29.967468261719,75.329833984375,0.9788082242012
30,1,722.77508544922,475.44683837891,48.393432617188,117.12915039062,0.9786821603775
30,2,800.03527832031,500.41934204102,32.306457519531,87.992126464844,0.95155912637711
30,3,915.67578125,634.79205322266,26.10791015625,129.03359985352,0.56298053264618
30,4,1095.6513671875,436.08538818359,98.82373046875,231.22445678711,0.97889322042465
30,5,758.38732910156,464.12628173828,53.366638183594,127.10317993164,0.97888141870499
30,6,495.48052978516,478.34790039062,34.3984375,85.777313232422,0.97806185483932
30,8,928.77819824219,487.87796020508,30.847961425781,96.087219238281,0.77230620384216
30,10,667.43463134766,470.00555419922,29.311889648438,75.235961914062,0.97887521982193
30,11,1289.9348144531,452.15386962891,56.255004882812,163.14059448242,0.78324097394943
31,1,717.43615722656,470.24841308594,74.639526367188,124.97543334961,0.97887945175171
31,2,780.330078125,478.09259033203,88.492614746094,129.09841918945,0.75313305854797
31,4,1101.8682861328,431.39904785156,119.65844726562,250.42532348633,0.97889769077301
31,5,767.55810546875,460.02697753906,79.355407714844,136.48037719727,0.97889667749405
31,6,486.21606445312,474.70120239258,62.55419921875,88.453918457031,0.97882586717606
31,8,924.15637207031,485.67413330078,59.449340820312,98.128753662109,0.95128190517426
31,10,659.11315917969,466.31393432617,57.981506347656,79.769958496094,0.97889614105225
31,11,1271.6441650391,436.1618347168,105.88494873047,188.82183837891,0.60143792629242
32,1,729.783203125,462.72991943359,40.023681640625,132.65328979492,0.97878420352936
32,2,785.03240966797,457.72033691406,69.276611328125,162.28442382812,0.57041496038437
32,3,830.02026367188,346.63513183594,21.020080566406,69.045654296875,0.78424108028412
32,4,1114.126953125,429.80291748047,87.042419433594,243.21932983398,0.97889804840088
32,5,791.48968505859,458.08029174805,43.742065429688,135.79241943359,0.97888833284378
32,6,500.01800537109,466.98480224609,26.882202148438,95.309722900391,0.97887945175171
32,8,932.47790527344,482.5546875,21.589050292969,97.805328369141,0.97634410858154
32,10,671.11682128906,469.91879272461,17.903991699219,73.335998535156,0.9788601398468
33,1,732.03460693359,460.81021118164,48.375122070312,130.82379150391,0.97888827323914
33,3,831.39752197266,348.52255249023,24.875244140625,67.358520507812,0.95355302095413
33,4,1119.3369140625,439.92620849609,88.424255371094,210.9684753418,0.97880864143372
33,5,798.02734375,459.37469482422,50.488037109375,131.16259765625,0.9788972735405
33,6,500.45776367188,456.13381958008,31.16259765625,113.97467041016,0.77377027273178
33,8,930.78759765625,482.95278930664,30.71826171875,93.471496582031,0.97863638401031
33,10,673.35180664062,474.53601074219,23.308776855469,66.95849609375,0.97889482975006
33,11,1277.57421875,431.78869628906,82.354736328125,191.57467651367,0.81061571836472
34,1,728.791015625,477.56866455078,49.006103515625,107.54348754883,0.9788972735405
34,2,773.93939208984,465.72689819336,58.8134765625,136.29107666016,0.78933167457581
34,3,824.39526367188,350.4951171875,31.260559082031,68.673004150391,0.97659659385681
34,4,1120.6429443359,433.072265625,94.70361328125,224.87658691406,0.9788790345192
34,5,798.13012695312,458.64849853516,55.248840332031,128.92691040039,0.9788635969162
34,6,498.72549438477,461.02984619141,35.785339355469,112.25198364258,0.95155769586563
34,8,926.23742675781,483.05285644531,38.341491699219,96.670501708984,0.97877830266953
34,10,668.44830322266,471.90911865234,30.334838867188,73.874725341797,0.9788978099823
34,11,1277.3120117188,454.88980102539,75.274536132812,159.93133544922,0.95808225870132
35,1,738.16778564453,493.16931152344,42.715576171875,93.501922607422,0.97878360748291
35,2,751.27734375,470.33874511719,53.520446777344,126.18179321289,0.95437276363373
35,3,822.64636230469,353.26611328125,29.968078613281,67.963226318359,0.97869837284088
35,4,1120.9028320312,446.85177612305,89.951293945312,205.80657958984,0.97889083623886
35,5,798.82958984375,460.31890869141,53.598815917969,127.60205078125,0.9788830280304
35,6,501.64434814453,464.72872924805,41.515502929688,108.83197021484,0.97640526294708
35,8,925.02105712891,486.54272460938,38.589965820312,97.188262939453,0.97885298728943
35,9,173.39483642578,464.14038085938,39.195068359375,47.48193359375,0.50950264930725
35,10,668.96057128906,477.00030517578,28.058166503906,66.657165527344,0.97885036468506
35,11,1278.2827148438,457.78704833984,70.002075195312,157.95336914062,0.75816607475281
36,1,740.18878173828,489.66479492188,41.993530273438,102.68215942383,0.97888821363449
36,2,745.00329589844,473.37738037109,49.573181152344,119.43356323242,0.9766793847084
36,3,822.52185058594,350.45013427734,27.8681640625,75.456176757812,0.77360194921494
36,4,1126.7564697266,457.1315612793,82.543395996094,184.35589599609,0.97885030508041
36,5,798.43786621094,452.74926757812,56.712585449219,144.70544433594,0.97888004779816
36,6,503.68667602539,467.59033203125,41.825622558594,101.55166625977,0.97868204116821
36,8,926.40014648438,489.45965576172,36.327697753906,90.972534179688,0.97887206077576
36,9,182.5149230957,466.46994018555,33.739685058594,54.032897949219,0.86583977937698
36,10,667.32958984375,473.90103149414,27.8974609375,72.111877441406,0.97886937856674
36,11,1281.5520019531,452.7470703125,66.517639160156,162.462890625,0.57563656568527
37,1,733.88140869141,475.94555664062,46.748168945312,120.69418334961,0.9788972735405
37,2,748.69604492188,469.42553710938,51.615173339844,123.89501953125,0.97870826721191
37,3,822.04461669922,348.53982543945,26.127563476562,83.780334472656,0.5913947224617
37,4,1131.7443847656,450.51293945312,83.097961425781,192.14855957031,0.97889399528503
37,5,798.77600097656,449.65997314453,60.728454589844,150.31362915039,0.97889655828476
37,6,504.96347045898,466.38623046875,43.169250488281,105.59582519531,0.97886520624161
37,8,927.66638183594,489.64657592773,36.060729980469,88.603332519531,0.97889584302902
37,9,189.73580932617,469.095703125,30.885070800781,55.746185302734,0.96657019853592
37,10,668.85900878906,478.11468505859,26.868469238281,65.801513671875,0.97889173030853
38,1,737.40686035156,484.13995361328,44.371459960938,104.63195800781,0.978895008564
38,2,753.92779541016,471.69668579102,51.094116210938,119.41607666016,0.97888171672821
38,3,786.3603515625,328.02679443359,32.189758300781,106.24838256836,0.90116786956787
38,4,1130.0860595703,435.03378295898,89.242004394531,220.78643798828,0.97889775037766
38,5,800.32269287109,450.9287109375,59.684936523438,141.10494995117,0.97888451814651
38,6,503.58456420898,462.77386474609,41.250305175781,118.13342285156,0.77372390031815
38,8,926.64465332031,488.85589599609,35.428894042969,88.504669189453,0.97889792919159
38,9,191.1455078125,469.46356201172,31.413696289062,58.863922119141,0.97780793905258
38,10,668.72143554688,474.35821533203,27.800048828125,71.833587646484,0.97888386249542
39,1,737.75610351562,474.61688232422,47.0703125,119.69686889648,0.9788978099823
39,2,756.546875,463.55200195312,53.579162597656,132.39321899414,0.97889667749405
39,3,766.81140136719,320.16394042969,35.999328613281,118.97286987305,0.71190130710602
39,4,1131.4916992188,429.73040771484,89.485473632812,229.79885864258,0.77399927377701
39,5,799.16931152344,447.45483398438,60.781066894531,148.05581665039,0.97889691591263
39,6,503.60577392578,459.29437255859,35.839721679688,132.1164855957,0.59151846170425
39,8,926.47180175781,488.57543945312,34.994445800781,88.584228515625,0.97889810800552
39,9,194.69390869141,465.69107055664,28.411743164062,59.814453125,0.97875714302063
39,10,667.35223388672,469.14855957031,26.280517578125,84.390838623047,0.77373760938644
40,1,743.77233886719,473.37982177734,47.235534667969,118.9709777832,0.97889804840088
40,2,756.32763671875,457.66668701172,51.675842285156,144.66882324219,0.77400612831116
40,3,765.57977294922,316.98483276367,32.047607421875,127.68072509766,0.52756643295288
40,4,1137.5876464844,429.52172851562,90.091186523438,230.90518188477,0.95162165164948
40,5,800.22192382812,452.71398925781,58.924682617188,140.98739624023,0.97889798879623
40,8,927.02008056641,488.50848388672,34.566772460938,88.468597412109,0.97887623310089
40,9,195.12307739258,466.46569824219,27.174865722656,58.816131591797,0.97888594865799
40,10,686.98980712891,486.30581665039,21.032958984375,65.845031738281,0.95139700174332
41,1,736.43218994141,475.24084472656,72.061279296875,118.6750793457,0.97889810800552
41,2,751.44006347656,462.40887451172,75.495300292969,134.90072631836,0.9516116976738
41,4,1143.2209472656,432.93188476562,111.03704833984,236.35827636719,0.97641146183014
41,5,798.59918212891,453.50592041016,81.640014648438,141.23355102539,0.97889810800552
41,8,922.85614013672,485.04046630859,61.873901367188,95.308624267578,0.97889620065689
41,9,178.0686340332,464.38903808594,56.850036621094,60.892425537109,0.97887372970581
41,10,690.81567382812,490.01531982422,50.542541503906,64.040130615234,0.97632491588593
42,1,751.17358398438,472.08874511719,36.043151855469,122.60278320312,0.97887766361237
42,2,762.77111816406,450.89385986328,36.707824707031,154.64645385742,0.75317388772964
42,3,744.86242675781,321.58721923828,60.938293457031,133.68762207031,0.75824218988419
42,4,1158.9987792969,441.27648925781,77.448852539062,224.40280151367,0.97868251800537
42,5,810.52185058594,455.57528686523,44.113037109375,136.07928466797,0.97889810800552
42,7,1197.9077148438,492.90026855469,82.866333007812,183.03829956055,0.60725766420364
42,8,931.4091796875,481.771484375,23.425231933594,97.326141357422,0.9788094162941
42,9,189.14208984375,464.61651611328,20.104736328125,64.489013671875,0.97889602184296
42,10,695.83325195312,486.18368530273,11.836181640625,64.895202636719,0.97867327928543
43,1,756.53625488281,470.47933959961,44.276977539062,120.27313232422,0.97889631986618
43,2,759.98315429688,440.69549560547,38.426208496094,130.66061401367,0.94729620218277
43,3,742.025390625,326.32983398438,60.877258300781,136.88568115234,0.57571470737457
43,4,1163.390625,445.58959960938,86.455078125,216.78466796875,0.97887927293777
43,5,811.38525390625,457.8916015625,50.2314453125,130.84432983398,0.97889810800552
43,8,930.41479492188,482.54666137695,31.370300292969,93.323181152344,0.97889047861099
43,9,188.60885620117,456.30780029297,23.316467285156,85.992828369141,0.77396810054779
43,10,689.00354003906,477.20379638672,15.877868652344,81.695922851562,0.77358359098434
44,1,755.20288085938,472.51623535156,50.080322265625,118.40689086914,0.97889792919159
44,2,750.59362792969,429.38366699219,45.4306640625,137.09683227539,0.74980562925339
44,4,1160.5690917969,437.42218017578,94.750427246094,227.68258666992,0.97889649868011
44,5,807.41394042969,451.37103271484,59.497314453125,146.37832641602,0.97889810800552
44,8,926.11938476562,485.61193847656,37.103271484375,90.856079101562,0.97883129119873
44,9,181.0520324707,447.55230712891,24.573913574219,113.54794311523,0.59222823381424
44,10,697.15930175781,489.52093505859,17.501708984375,66.677642822266,0.95152992010117
45,1,752.68743896484,479.82434082031,47.125366210938,110.25180053711,0.97889810800552
45,2,747.49114990234,424.12451171875,39.6318359375,150.6184387207,0.56709867715836
45,4,1161.0496826172,432.23657226562,93.876892089844,234.37545776367,0.77448147535324
45,5,792.19854736328,460.30725097656,56.702758789062,133.16098022461,0.97884333133698
45,7,1206.5520019531,462.68402099609,76.742614746094,199.47286987305,0.67767506837845
45,8,926.20776367188,483.64532470703,34.73681640625,98.741912841797,0.77369910478592
45,10,702.77380371094,490.0986328125,18.490478515625,72.635040283203,0.7531031370163
46,1,757.01666259766,478.5732421875,46.145874023438,114.18600463867,0.97889810800552
46,2,753.66882324219,407.31298828125,37.087646484375,126.9987487793,0.89165753126144
46,3,827.15686035156,344.60888671875,33.740295410156,71.381896972656,0.65510267019272
46,4,1164.4754638672,427.71472167969,88.957092285156,239.02197265625,0.59251952171326
46,5,786.02490234375,461.80270385742,52.389282226562,137.57293701172,0.77420616149902
46,7,1196.7684326172,456.31311035156,80.669738769531,207.51998901367,0.92915725708008
46,8,928.14392089844,479.08590698242,28.945617675781,108.84808349609,0.59149330854416
46,10,702.26336669922,485.18725585938,12.683837890625,87.277587890625,0.57043129205704
47,1,762.95043945312,476.09204101562,47.560913085938,116.00680541992,0.97883951663971
47,2,750.38427734375,392.67828369141,41.145080566406,130.21096801758,0.7036674618721
47,3,828.484375,351.68960571289,32.377380371094,62.262023925781,0.92255175113678
47,5,787.8544921875,457.70355224609,48.46435546875,147.85317993164,0.59241616725922
47,7,1192.5390625,448.015625,85.78076171875,210.75134277344,0.97406375408173
48,1,764.42407226562,469.73492431641,49.752075195312,123.94958496094,0.97889304161072
48,2,747.22283935547,389.56701660156,34.967407226562,139.89736938477,0.5191838145256
48,3,825.27581787109,351.23764038086,31.116333007812,67.103088378906,0.72989922761917
48,4,744.62145996094,932.68048095703,48.26318359375,107.6330871582,0.80420166254044
48,6,1691.0919189453,526.58441162109,69.244873046875,185.70251464844,0.86052680015564
48,7,1222.3317871094,452.12322998047,82.377807617188,187.79135131836,0.97847706079483
48,10,713.93383789062,482.61581420898,11.029724121094,87.646057128906,0.78935605287552
49,1,761.60424804688,477.30990600586,47.391540527344,112.06268310547,0.97886079549789
49,3,821.26940917969,348.44464111328,26.714416503906,75.971801757812,0.5468698143959
49,4,761.23724365234,887.67901611328,45.001831054688,121.26330566406,0.95712643861771
49,6,1687.3034667969,520.32482910156,71.630615234375,182.0263671875,0.96582466363907
49,7,1240.1442871094,447.78112792969,79.410522460938,184.85104370117,0.77344000339508
49,8,932.9345703125,484.91427612305,18.134155273438,99.602233886719,0.66584277153015
49,10,720.87194824219,489.10473632812,20.605834960938,69.219848632812,0.95438969135284
49,11,1180.8045654297,453.10974121094,87.483642578125,232.12783813477,0.86032104492188
